[gd_scene format=3 uid="uid://bh8jqfoto4b0w"]

[ext_resource type="PackedScene" uid="uid://c8n2mfslkbpqx" path="res://Scenes/obstacle_biche.tscn" id="1_r8dhe"]
[ext_resource type="Script" uid="uid://bxp3i4cnonh8y" path="res://addons/road-generator/nodes/road_manager.gd" id="3_j5pv8"]
[ext_resource type="Script" uid="uid://cph7euje06kel" path="res://addons/road-generator/nodes/road_container.gd" id="4_eo2fu"]
[ext_resource type="Material" uid="uid://dpashsuk5lr4x" path="res://addons/road-generator/resources/road_texture.material" id="5_1b3a5"]
[ext_resource type="Script" uid="uid://uwkx2tk6pt6u" path="res://addons/road-generator/nodes/road_lane_agent.gd" id="6_j5pv8"]
[ext_resource type="Script" uid="uid://difs1qg4mpcpw" path="res://addons/road-generator/nodes/road_point.gd" id="6_y8hke"]
[ext_resource type="Script" uid="uid://0gq31prbodg7" path="res://Scripts/obstacle.gd" id="7_5kpa4"]
[ext_resource type="PackedScene" uid="uid://d40tj2s2qf11" path="res://Scenes/car.tscn" id="7_car"]
[ext_resource type="PackedScene" uid="uid://boiv26se3ucg6" path="res://Scenes/obstacle_campeur.tscn" id="8_j5pv8"]
[ext_resource type="PackedScene" uid="uid://dq7jrock01" path="res://Scenes/obstacle_rock.tscn" id="9_1b3a5"]
[ext_resource type="PackedScene" uid="uid://dq7jstump01" path="res://Scenes/obstacle_stump.tscn" id="10_y8hke"]
[ext_resource type="PackedScene" uid="uid://b1xu2fwfyfkai" path="res://Visuals/Models/worldenvironment_highway.glb" id="11_y8hke"]
[ext_resource type="PackedScene" uid="uid://c0y7unayyoqog" path="res://Scenes/rock.tscn" id="12_5kpa4"]

[sub_resource type="ProceduralSkyMaterial" id="ProceduralSkyMaterial_6ebm8"]
sky_top_color = Color(0.4893176, 0.77414775, 0.81000453, 1)
sky_horizon_color = Color(0.35292134, 0.12379212, 0.051637046, 1)
sky_curve = 0.26116496

[sub_resource type="Sky" id="Sky_ulyfn"]
sky_material = SubResource("ProceduralSkyMaterial_6ebm8")

[sub_resource type="Environment" id="Environment_c5po0"]
background_mode = 2
sky = SubResource("Sky_ulyfn")
glow_enabled = true
fog_enabled = true
fog_light_color = Color(0.22501081, 0.2881068, 0.21476012, 1)
fog_light_energy = 0.75
fog_sun_scatter = 0.6
fog_density = 0.0025
fog_aerial_perspective = 0.25
fog_height = 30.98
fog_height_density = 0.01

[sub_resource type="BoxShape3D" id="BoxShape3D_2p81s"]
size = Vector3(1, 2, 1)

[node name="LevelHighway" type="Node3D" unique_id=1453296238]

[node name="RoadManager" type="Node3D" parent="." unique_id=1693690641]
script = ExtResource("3_j5pv8")
metadata/_custom_type_script = "uid://bxp3i4cnonh8y"

[node name="RoadContainer" type="Node3D" parent="RoadManager" unique_id=1059423771]
script = ExtResource("4_eo2fu")
material_resource = ExtResource("5_1b3a5")
use_lowpoly_preview = true
generate_ai_lanes = true
ai_lane_group = "ai_road_lanes"
auto_free_vehicles = false
draw_lanes_editor = true
edge_containers = Array[NodePath]([NodePath("")])
edge_rp_targets = Array[NodePath]([NodePath("")])
edge_rp_target_dirs = Array[int]([-1])
edge_rp_locals = Array[NodePath]([NodePath("RP_026")])
edge_rp_local_dirs = Array[int]([1])
metadata/_custom_type_script = "uid://cph7euje06kel"

[node name="RoadLaneAgent" type="Node" parent="RoadManager/RoadContainer" unique_id=187748785]
script = ExtResource("6_j5pv8")
metadata/_custom_type_script = "uid://uwkx2tk6pt6u"

[node name="RP_001" type="Node3D" parent="RoadManager/RoadContainer" unique_id=76932034]
transform = Transform3D(-0.9963732, 0, -0.08509124, 0, 1, 0, 0.08509124, 0, -0.9963732, 339.3624, 0, -981.072)
script = ExtResource("6_y8hke")
traffic_dir = Array[int]([1, 1, 1, 1])
lanes = Array[int]([0, 3, 3, 2])
terminated = true
next_mag = 5.5792847
prior_pt_init = NodePath("../RP_002")

[node name="RP_002" type="Node3D" parent="RoadManager/RoadContainer" unique_id=1502795799]
transform = Transform3D(-0.996373, 0, -0.0850929, 0, 1, 0, 0.0850929, 0, -0.996373, 340.41968, 0, -909.13336)
script = ExtResource("6_y8hke")
traffic_dir = Array[int]([1, 1, 1, 1])
lanes = Array[int]([0, 3, 3, 2])
prior_mag = 17.5542
next_mag = 16.0
prior_pt_init = NodePath("../RP_003")
next_pt_init = NodePath("../RP_001")

[node name="RP_003" type="Node3D" parent="RoadManager/RoadContainer" unique_id=1298958474]
transform = Transform3D(-0.72737145, 0, 0.68624395, 0, 1, 0, -0.68624395, 0, -0.72737145, 291.9057, 0, -785.61694)
script = ExtResource("6_y8hke")
traffic_dir = Array[int]([1, 1, 1, 1])
lanes = Array[int]([0, 3, 3, 2])
prior_mag = 45.46675
next_mag = 66.35117
prior_pt_init = NodePath("../RP_004")
next_pt_init = NodePath("../RP_002")

[node name="RP_004" type="Node3D" parent="RoadManager/RoadContainer" unique_id=1614967318]
transform = Transform3D(-0.76190233, 0, -0.6476919, 0, 1, 0, 0.6476919, 0, -0.76190233, 308.582, 0, -696.22565)
script = ExtResource("6_y8hke")
traffic_dir = Array[int]([1, 1, 1, 1])
lanes = Array[int]([0, 3, 3, 2])
prior_mag = 41.68147
next_mag = 45.46675
prior_pt_init = NodePath("../RP_005")
next_pt_init = NodePath("../RP_003")

[node name="RP_005" type="Node3D" parent="RoadManager/RoadContainer" unique_id=2010537799]
transform = Transform3D(0.32532725, -0.048525967, -0.94435555, 0.015805438, 0.9988219, -0.045879815, 0.9454694, 0, 0.32571095, 390.976, 0, -683.5526)
script = ExtResource("6_y8hke")
traffic_dir = Array[int]([1, 1, 1, 1])
lanes = Array[int]([0, 3, 3, 2])
prior_mag = 48.4933
next_mag = 41.68147
prior_pt_init = NodePath("../RP_006")
next_pt_init = NodePath("../RP_004")

[node name="RP_006" type="Node3D" parent="RoadManager/RoadContainer" unique_id=1304588364]
transform = Transform3D(0.90658593, 0.13581577, 0.39956984, -0.12428023, 0.9907341, -0.054775428, -0.40330684, 0, 0.9150648, 401.2824, 0, -779.99005)
script = ExtResource("6_y8hke")
traffic_dir = Array[int]([1, 1, 1, 1])
lanes = Array[int]([0, 3, 3, 2])
prior_mag = 40.302063
next_mag = 48.4933
prior_pt_init = NodePath("../RP_007")
next_pt_init = NodePath("../RP_005")

[node name="RP_007" type="Node3D" parent="RoadManager/RoadContainer" unique_id=1254450716]
transform = Transform3D(0.42474353, 0, -0.90531373, 0, 1, 0, 0.90531373, 0, 0.42474353, 447.3706, 0, -846.118)
script = ExtResource("6_y8hke")
traffic_dir = Array[int]([1, 1, 1, 1])
lanes = Array[int]([0, 3, 3, 2])
prior_mag = 37.025604
next_mag = 40.302063
prior_pt_init = NodePath("../RP_008")
next_pt_init = NodePath("../RP_006")

[node name="RP_008" type="Node3D" parent="RoadManager/RoadContainer" unique_id=320576949]
transform = Transform3D(-0.6177389, 0, -0.7863833, 0, 1, 0, 0.7863833, 0, -0.6177389, 519.9032, 0, -831.19806)
script = ExtResource("6_y8hke")
traffic_dir = Array[int]([1, 1, 1, 1])
lanes = Array[int]([0, 3, 3, 2])
prior_mag = 54.08699
next_mag = 37.025604
prior_pt_init = NodePath("../RP_009")
next_pt_init = NodePath("../RP_007")

[node name="RP_009" type="Node3D" parent="RoadManager/RoadContainer" unique_id=296495514]
transform = Transform3D(-0.95100826, 0, 0.30916554, 0, 1, 0, -0.30916554, 0, -0.95100826, 538.66455, 13.292637, -724.66345)
script = ExtResource("6_y8hke")
traffic_dir = Array[int]([1, 1, 1, 1])
lanes = Array[int]([0, 3, 3, 2])
prior_mag = 46.863815
next_mag = 54.08699
prior_pt_init = NodePath("../RP_010")
next_pt_init = NodePath("../RP_008")

[node name="RP_010" type="Node3D" parent="RoadManager/RoadContainer" unique_id=1746847260]
transform = Transform3D(-0.76990825, 0, 0.6381546, 0, 1, 0, -0.6381546, 0, -0.76990825, 493.1867, 0, -642.7084)
script = ExtResource("6_y8hke")
traffic_dir = Array[int]([1, 1, 1, 1])
lanes = Array[int]([0, 3, 3, 2])
prior_mag = 52.262615
next_mag = 46.863815
prior_pt_init = NodePath("../RP_011")
next_pt_init = NodePath("../RP_009")

[node name="RP_011" type="Node3D" parent="RoadManager/RoadContainer" unique_id=2069502805]
transform = Transform3D(-0.38177043, -0.05294759, -0.9227393, -0.020242218, 0.99859726, -0.048925452, 0.9240355, 0, -0.3823067, 558.94995, 8.020813, -561.46356)
script = ExtResource("6_y8hke")
traffic_dir = Array[int]([1, 1, 1, 1])
lanes = Array[int]([0, 3, 3, 2])
prior_mag = 53.499393
next_mag = 52.262615
prior_pt_init = NodePath("../RP_012")
next_pt_init = NodePath("../RP_010")

[node name="RP_012" type="Node3D" parent="RoadManager/RoadContainer" unique_id=1726342678]
transform = Transform3D(-0.32807216, 0, 0.9446527, 0, 1, 0, -0.9446527, 0, -0.32807216, 475.2712, 0, -494.78067)
script = ExtResource("6_y8hke")
traffic_dir = Array[int]([1, 1, 1, 1])
lanes = Array[int]([0, 3, 3, 2])
prior_mag = 85.78991
next_mag = 53.499393
prior_pt_init = NodePath("../RP_013")
next_pt_init = NodePath("../RP_011")

[node name="RP_013" type="Node3D" parent="RoadManager/RoadContainer" unique_id=1866918073]
transform = Transform3D(0.63649076, 0, 0.77128434, 0, 1, 0, -0.77128434, 0, 0.63649076, 308.9662, 11.587055, -536.9977)
script = ExtResource("6_y8hke")
traffic_dir = Array[int]([1, 1, 1, 1])
lanes = Array[int]([0, 3, 3, 2])
prior_mag = 113.04182
next_mag = 85.78991
prior_pt_init = NodePath("../RP_014")
next_pt_init = NodePath("../RP_012")

[node name="RP_014" type="Node3D" parent="RoadManager/RoadContainer" unique_id=792976635]
transform = Transform3D(-0.8867826, 0.22881776, 0.4015707, 0.20844172, 0.97346926, -0.09439077, -0.41251504, 0, -0.9109508, 127.893524, 0, -401.62225)
script = ExtResource("6_y8hke")
traffic_dir = Array[int]([1, 1, 1, 1])
lanes = Array[int]([0, 3, 3, 2])
prior_mag = 99.72363
next_mag = 113.04182
prior_pt_init = NodePath("../RP_015")
next_pt_init = NodePath("../RP_013")

[node name="RP_015" type="Node3D" parent="RoadManager/RoadContainer" unique_id=1840669150]
transform = Transform3D(-0.3472021, 0, -0.93779033, 0.063048, 0.99773747, -0.023342526, 0.9356685, -0.06723037, -0.34641653, 255.47112, 0, -248.31482)
script = ExtResource("6_y8hke")
traffic_dir = Array[int]([1, 1, 1, 1])
lanes = Array[int]([0, 3, 3, 2])
prior_mag = 141.71515
next_mag = 99.72363
prior_pt_init = NodePath("../RP_016")
next_pt_init = NodePath("../RP_014")

[node name="RP_016" type="Node3D" parent="RoadManager/RoadContainer" unique_id=104450914]
transform = Transform3D(0.8189921, 0, -0.57380486, -0.08399084, 0.98922914, -0.119880185, 0.5676245, 0.14637527, 0.8101708, 510.084, 20, -372.833)
script = ExtResource("6_y8hke")
traffic_dir = Array[int]([1, 1, 1, 1])
lanes = Array[int]([0, 3, 3, 2])
prior_mag = 109.218544
next_mag = 141.71515
prior_pt_init = NodePath("../RP_017")
next_pt_init = NodePath("../RP_015")

[node name="RP_017" type="Node3D" parent="RoadManager/RoadContainer" unique_id=968863586]
transform = Transform3D(-0.99879885, 0, 0.04899867, 0, 1, 0, -0.04899867, 0, -0.99879885, 557.91, 30, -159.696)
script = ExtResource("6_y8hke")
traffic_dir = Array[int]([1, 1, 1, 1])
lanes = Array[int]([0, 3, 3, 2])
prior_mag = 109.318924
next_mag = 109.218544
prior_pt_init = NodePath("../RP_018")
next_pt_init = NodePath("../RP_016")

[node name="RP_018" type="Node3D" parent="RoadManager/RoadContainer" unique_id=2121222123]
transform = Transform3D(0.07855226, 0, 0.99691004, 0, 1, 0, -0.99691004, 0, 0.07855227, 360.53824, 7.6293945e-06, -65.6387)
script = ExtResource("6_y8hke")
traffic_dir = Array[int]([1, 1, 1, 1])
lanes = Array[int]([0, 3, 3, 2])
prior_mag = 36.02354
next_mag = 109.318924
prior_pt_init = NodePath("../RP_019")
next_pt_init = NodePath("../RP_017")

[node name="RP_019" type="Node3D" parent="RoadManager/RoadContainer" unique_id=598185511]
transform = Transform3D(0.9991227, 0, 0.041880127, 0, 1, 0, -0.041880127, 0, 0.9991227, 322.18802, 1.5258789e-05, -126.63085)
script = ExtResource("6_y8hke")
traffic_dir = Array[int]([1, 1, 1, 1])
lanes = Array[int]([0, 3, 3, 2])
prior_mag = 73.69688
next_mag = 36.02354
prior_pt_init = NodePath("../RP_020")
next_pt_init = NodePath("../RP_018")

[node name="RP_020" type="Node3D" parent="RoadManager/RoadContainer" unique_id=1028032749]
transform = Transform3D(-0.7548363, -0.07403056, 0.6517221, -0.09113428, 0.99580985, 0.0075627416, -0.6495512, -0.05368553, -0.7584203, 191.916, 20, -57.681)
script = ExtResource("6_y8hke")
traffic_dir = Array[int]([1, 1, 1, 1])
lanes = Array[int]([0, 3, 3, 2])
prior_mag = 115.27695
next_mag = 73.69688
prior_pt_init = NodePath("../RP_021")
next_pt_init = NodePath("../RP_019")

[node name="RP_021" type="Node3D" parent="RoadManager/RoadContainer" unique_id=1205127745]
transform = Transform3D(-0.06844333, 0, 0.99765503, 0, 1, 0, -0.99765503, 0, -0.06844333, 70.9944, 15.526604, -100.238)
script = ExtResource("6_y8hke")
traffic_dir = Array[int]([1, 1, 1, 1])
lanes = Array[int]([0, 3, 3, 2])
prior_mag = 47.71637
next_mag = 81.64716
prior_pt_init = NodePath("../RP_022")
next_pt_init = NodePath("../RP_020")

[node name="RP_022" type="Node3D" parent="RoadManager/RoadContainer" unique_id=230399325]
transform = Transform3D(-0.99223197, 0, 0.12440118, 0, 1, 0, -0.12440118, 0, -0.99223197, 54.202, 40, -9.087)
script = ExtResource("6_y8hke")
traffic_dir = Array[int]([1, 1, 1, 1])
lanes = Array[int]([0, 3, 3, 2])
prior_mag = 92.729546
next_mag = 46.65282
prior_pt_init = NodePath("../RP_023")
next_pt_init = NodePath("../RP_021")

[node name="RP_023" type="Node3D" parent="RoadManager/RoadContainer" unique_id=1601377243]
transform = Transform3D(-0.86989695, 1.8605364e-09, 0.4932338, -0.057147596, 0.99326533, -0.10078895, -0.48991194, -0.11586311, -0.86403835, -58.477394, 50, -29.753384)
script = ExtResource("6_y8hke")
traffic_dir = Array[int]([1, 1, 1, 1])
lanes = Array[int]([0, 3, 3, 2])
prior_mag = 8.1397
next_mag = 54.693504
prior_pt_init = NodePath("../RP_024")
next_pt_init = NodePath("../RP_022")

[node name="RP_024" type="Node3D" parent="RoadManager/RoadContainer" unique_id=256296238]
transform = Transform3D(-0.9745672, 0, -0.22409567, 0, 1, 0, 0.22409567, 0, -0.9745672, -64.70055, 60, 34.65602)
script = ExtResource("6_y8hke")
traffic_dir = Array[int]([1, 1, 1, 1])
lanes = Array[int]([0, 3, 3, 2])
prior_mag = 78.69228
next_mag = 62.526405
prior_pt_init = NodePath("../RP_025")
next_pt_init = NodePath("../RP_023")

[node name="RP_025" type="Node3D" parent="RoadManager/RoadContainer" unique_id=1869539969]
transform = Transform3D(0.81889147, 0, 0.5739484, 0, 1, 0, -0.5739484, 0, 0.81889147, -191.5063, 70, 25.31403)
script = ExtResource("6_y8hke")
traffic_dir = Array[int]([1, 1, 1, 1])
lanes = Array[int]([0, 3, 3, 2])
prior_mag = 97.26773
next_mag = 78.69228
prior_pt_init = NodePath("../RP_026")
next_pt_init = NodePath("../RP_024")

[node name="RP_026" type="Node3D" parent="RoadManager/RoadContainer" unique_id=1474372005]
transform = Transform3D(-0.9904616, 0, 0.13778953, 0, 1, 0, -0.13778952, 0, -0.9904616, -294.9834, 80, 132.433)
script = ExtResource("6_y8hke")
traffic_dir = Array[int]([1, 1, 1, 1])
lanes = Array[int]([0, 3, 3, 2])
prior_mag = 97.26773
next_mag = 97.26773
next_pt_init = NodePath("../RP_025")

[node name="Car" parent="." unique_id=1137895666 node_paths=PackedStringArray("road_lane_agent") instance=ExtResource("7_car")]
transform = Transform3D(-0.9921314, 0, -0.12520063, 0, 1, 0, 0.12520063, 0, -0.9921314, 344.6723, 6.7808495, -937.2417)
vitesse = 30.0
road_lane_agent = NodePath("../RoadManager/RoadContainer/RoadLaneAgent")

[node name="WorldEnvironment" type="WorldEnvironment" parent="." unique_id=223461862]
environment = SubResource("Environment_c5po0")

[node name="Obstacle" type="Area3D" parent="." unique_id=1024901019 groups=["obstacle"]]
transform = Transform3D(1, 0, 0, 0, 1, 0, 0, 0, 1, -285.5347, 81.228134, 92.3428)
script = ExtResource("7_5kpa4")
categorie = 3

[node name="CollisionShape3D" type="CollisionShape3D" parent="Obstacle" unique_id=1048116789]
transform = Transform3D(20, 0, 0, 0, 20, 0, 0, 0, 20, 0, -1.138649, -7.937912)
shape = SubResource("BoxShape3D_2p81s")

[node name="Modele" type="Node3D" parent="Obstacle" unique_id=207732214]

[node name="AudioStreamPlayer3D" type="AudioStreamPlayer3D" parent="Obstacle" unique_id=1633338702]

[node name="ObstacleGroup" type="Node3D" parent="." unique_id=1913313803]

[node name="ObstacleRockGen1" parent="ObstacleGroup" unique_id=1780162196 instance=ExtResource("9_1b3a5")]
transform = Transform3D(0.936279, 0, -0.3512572, 0, 1, 0, 0.3512572, 0, 0.936279, 320.39487, 0, -838.79834)

[node name="ObstacleCampeurGen5" parent="ObstacleGroup" unique_id=1605983442 instance=ExtResource("8_j5pv8")]
transform = Transform3D(0.7962492, 0, -0.6049688, 0, 1, 0, 0.6049688, 0, 0.7962492, 308.89282, 0, -796.3879)

[node name="ObstacleBicheGen1" parent="ObstacleGroup" unique_id=1943814971 instance=ExtResource("1_r8dhe")]
transform = Transform3D(0.7366878, 0, -0.676233, 0, 1, 0, 0.676233, 0, 0.7366878, 289.44968, 0, -785.9137)

[node name="ObstacleCampeurGen6" parent="ObstacleGroup" unique_id=755392397 instance=ExtResource("8_j5pv8")]
transform = Transform3D(0.98611206, 0, -0.16608138, 0, 1, 0, 0.16608138, 0, 0.98611206, 282.14246, 0, -757.1783)

[node name="ObstacleRockGen2" parent="ObstacleGroup" unique_id=698295509 instance=ExtResource("9_1b3a5")]
transform = Transform3D(0.9926672, 0, -0.12087908, 0, 1, 0, 0.12087908, 0, 0.9926672, 273.93472, 0, -756.87134)

[node name="ObstacleBicheGen2" parent="ObstacleGroup" unique_id=699416364 instance=ExtResource("1_r8dhe")]
transform = Transform3D(0.9023386, 0, 0.43102783, 0, 1, 0, -0.43102783, 0, 0.9023386, 285.61493, 0, -737.2254)

[node name="ObstacleStumpGen2" parent="ObstacleGroup" unique_id=660955366 instance=ExtResource("10_y8hke")]
transform = Transform3D(0.8024177, 0, 0.5967628, 0, 1, 0, -0.5967628, 0, 0.8024177, 288.8587, 0, -717.2142)

[node name="ObstacleRockGen3" parent="ObstacleGroup" unique_id=1664538604 instance=ExtResource("9_1b3a5")]
transform = Transform3D(0.7621334, 0, 0.6474198, 0, 1, 0, -0.6474198, 0, 0.7621334, 305.83194, 0, -696.373)

[node name="ObstacleCampeurGen9" parent="ObstacleGroup" unique_id=1575014482 instance=ExtResource("8_j5pv8")]
transform = Transform3D(-0.29675242, 0, 0.95495445, 0, 1, 0, -0.95495445, 0, -0.29675242, 371.30093, -0.75104547, -683.2958)

[node name="ObstacleBicheGen4" parent="ObstacleGroup" unique_id=1540163745 instance=ExtResource("1_r8dhe")]
transform = Transform3D(-0.3243461, 0, 0.9459384, 0, 1, 0, -0.9459384, 0, -0.3243461, 386.6117, -0.19701745, -679.93555)

[node name="ObstacleRockGen4" parent="ObstacleGroup" unique_id=1526439562 instance=ExtResource("9_1b3a5")]
transform = Transform3D(-0.73285, 0, 0.68039024, 0, 1, 0, -0.68039024, 0, -0.73285, 413.82443, 0.6369915, -694.87103)

[node name="ObstacleStumpGen4" parent="ObstacleGroup" unique_id=764183755 instance=ExtResource("10_y8hke")]
transform = Transform3D(-0.9761001, 0, 0.21732135, 0, 1, 0, -0.21732135, 0, -0.9761001, 413.94812, 0.2867136, -712.20575)

[node name="ObstacleStumpGen5" parent="ObstacleGroup" unique_id=1290591741 instance=ExtResource("10_y8hke")]
transform = Transform3D(-0.95287204, 0, -0.30337235, 0, 1, 0, 0.30337235, 0, -0.95287204, 410.69806, -0.25463974, -740.64056)

[node name="ObstacleBicheGen5" parent="ObstacleGroup" unique_id=2119415603 instance=ExtResource("1_r8dhe")]
transform = Transform3D(-0.9229649, 0, -0.38488397, 0, 1, 0, 0.38488397, 0, -0.9229649, 413.78387, -1.3609977, -766.00616)

[node name="ObstacleCampeurGen10" parent="ObstacleGroup" unique_id=473720866 instance=ExtResource("8_j5pv8")]
transform = Transform3D(-0.97613525, 0, -0.21716309, 0, 1, 0, 0.21716309, 0, -0.97613525, 395.82507, 0.85163057, -789.25)

[node name="ObstacleBicheGen7" parent="ObstacleGroup" unique_id=1098554532 instance=ExtResource("1_r8dhe")]
transform = Transform3D(-0.9999015, 0, -0.014038491, 0, 1, 0, 0.014038491, 0, -0.9999015, 402.43555, 0.07304452, -799.4197)

[node name="ObstacleRockGen5" parent="ObstacleGroup" unique_id=1525615259 instance=ExtResource("9_1b3a5")]
transform = Transform3D(-0.5103879, 0, 0.8599442, 0, 1, 0, -0.8599442, 0, -0.5103879, 417.2291, 0.5382595, -837.5791)

[node name="ObstacleCampeurGen11" parent="ObstacleGroup" unique_id=527628276 instance=ExtResource("8_j5pv8")]
transform = Transform3D(-0.4277977, 0, 0.9038744, 0, 1, 0, -0.9038744, 0, -0.4277977, 439.2674, 0.024277866, -848.9362)

[node name="ObstacleRockGen6" parent="ObstacleGroup" unique_id=1120347521 instance=ExtResource("9_1b3a5")]
transform = Transform3D(-0.4072255, 0, 0.91332763, 0, 1, 0, -0.91332763, 0, -0.4072255, 453.0923, 0, -842.13983)

[node name="ObstacleBicheGen8" parent="ObstacleGroup" unique_id=1077998770 instance=ExtResource("1_r8dhe")]
transform = Transform3D(0.5236171, 0, 0.8519536, 0, 1, 0, -0.8519536, 0, 0.5236171, 494.73505, 0, -842.3153)

[node name="ObstacleStumpGen7" parent="ObstacleGroup" unique_id=1642636096 instance=ExtResource("10_y8hke")]
transform = Transform3D(0.6168183, 0, 0.78710556, 0, 1, 0, -0.78710556, 0, 0.6168183, 513.8493, 0, -828.323)

[node name="ObstacleCampeurGen12" parent="ObstacleGroup" unique_id=111907395 instance=ExtResource("8_j5pv8")]
transform = Transform3D(0.65691733, 0, 0.75396264, 0, 1, 0, -0.75396264, 0, 0.65691733, 530.91437, 0.123078346, -829.8856)

[node name="ObstacleRockGen7" parent="ObstacleGroup" unique_id=1826812765 instance=ExtResource("9_1b3a5")]
transform = Transform3D(0.8091265, 0, 0.58763444, 0, 1, 0, -0.58763444, 0, 0.8091265, 540.00134, 1.7755823, -808.59656)

[node name="ObstacleBicheGen9" parent="ObstacleGroup" unique_id=207843154 instance=ExtResource("1_r8dhe")]
transform = Transform3D(0.99967295, 0, -0.02557317, 0, 1, 0, 0.02557317, 0, 0.99967295, 545.48755, 7.941511, -777.72107)

[node name="ObstacleRockGen8" parent="ObstacleGroup" unique_id=386343536 instance=ExtResource("9_1b3a5")]
transform = Transform3D(0.96695745, 0, -0.25493792, 0, 1, 0, 0.25493792, 0, 0.96695745, 541.72626, 11.382038, -755.11115)

[node name="ObstacleStumpGen8" parent="ObstacleGroup" unique_id=2026739740 instance=ExtResource("10_y8hke")]
transform = Transform3D(0.9516908, 0, -0.30705807, 0, 1, 0, 0.30705807, 0, 0.9516908, 546.99084, 13.187362, -730.88855)

[node name="ObstacleCampeurGen13" parent="ObstacleGroup" unique_id=1066517452 instance=ExtResource("8_j5pv8")]
transform = Transform3D(0.9516908, 0, -0.30705807, 0, 1, 0, 0.30705807, 0, 0.9516908, 538.77234, 13.225694, -731.47675)

[node name="ObstacleStumpGen9" parent="ObstacleGroup" unique_id=695521585 instance=ExtResource("10_y8hke")]
transform = Transform3D(0.9481325, 0, -0.31787527, 0, 1, 0, 0.31787527, 0, 0.9481325, 533.1173, 12.964429, -714.20374)

[node name="ObstacleStumpGen10" parent="ObstacleGroup" unique_id=266394235 instance=ExtResource("10_y8hke")]
transform = Transform3D(0.88477916, 0, -0.46601057, 0, 1, 0, 0.46601057, 0, 0.88477916, 517.3488, 7.4417725, -686.3948)

[node name="ObstacleStumpGen11" parent="ObstacleGroup" unique_id=397156035 instance=ExtResource("10_y8hke")]
transform = Transform3D(0.7817969, 0, -0.6235332, 0, 1, 0, 0.6235332, 0, 0.7817969, 516.4763, 1.9784448, -661.4791)

[node name="ObstacleBicheGen11" parent="ObstacleGroup" unique_id=975312989 instance=ExtResource("1_r8dhe")]
transform = Transform3D(0.78588396, 0, -0.618374, 0, 1, 0, 0.618374, 0, 0.78588396, 490.42346, 0.0023326874, -642.47144)

[node name="ObstacleStumpGen12" parent="ObstacleGroup" unique_id=544173470 instance=ExtResource("10_y8hke")]
transform = Transform3D(0.8756302, 0, -0.48298213, 0, 1, 0, 0.48298213, 0, 0.8756302, 481.16727, 0.09720087, -635.8701)

[node name="ObstacleBicheGen12" parent="ObstacleGroup" unique_id=916862042 instance=ExtResource("1_r8dhe")]
transform = Transform3D(0.9797612, 0, -0.20016988, 0, 1, 0, 0.20016988, 0, 0.9797612, 489.32166, 0.43723106, -622.93134)

[node name="ObstacleBicheGen13" parent="ObstacleGroup" unique_id=741265791 instance=ExtResource("1_r8dhe")]
transform = Transform3D(0.7301707, 0, 0.68326473, 0, 1, 0, -0.68326473, 0, 0.7301707, 496.43082, 2.5046072, -601.85474)

[node name="ObstacleBicheGen14" parent="ObstacleGroup" unique_id=2147476056 instance=ExtResource("1_r8dhe")]
transform = Transform3D(0.5363264, 0, 0.84401065, 0, 1, 0, -0.84401065, 0, 0.5363264, 505.41364, 4.2137833, -584.73663)

[node name="ObstacleCampeurGen14" parent="ObstacleGroup" unique_id=1677614633 instance=ExtResource("8_j5pv8")]
transform = Transform3D(0.44281366, 0, 0.89661366, 0, 1, 0, -0.89661366, 0, 0.44281366, 522.3682, 5.6431212, -575.348)

[node name="ObstacleBicheGen15" parent="ObstacleGroup" unique_id=935064486 instance=ExtResource("1_r8dhe")]
transform = Transform3D(0.39862117, 0, 0.9171157, 0, 1, 0, -0.9171157, 0, 0.39862117, 538.0507, 6.809025, -563.7548)

[node name="ObstacleStumpGen13" parent="ObstacleGroup" unique_id=1655167679 instance=ExtResource("10_y8hke")]
transform = Transform3D(0.3825081, 0, 0.92395216, 0, 1, 0, -0.92395216, 0, 0.3825081, 560.114, 8.08194, -567.47455)

[node name="ObstacleCampeurGen15" parent="ObstacleGroup" unique_id=374078593 instance=ExtResource("8_j5pv8")]
transform = Transform3D(0.78737617, 0, 0.61647284, 0, 1, 0, -0.61647284, 0, 0.78737617, 569.5406, 8.312408, -552.214)

[node name="ObstacleBicheGen16" parent="ObstacleGroup" unique_id=2047614909 instance=ExtResource("1_r8dhe")]
transform = Transform3D(0.6467764, 0, -0.7626797, 0, 1, 0, 0.7626797, 0, 0.6467764, 572.7234, 6.578412, -532.18665)

[node name="ObstacleBicheGen17" parent="ObstacleGroup" unique_id=1961549105 instance=ExtResource("1_r8dhe")]
transform = Transform3D(0.42156857, 0, -0.9067965, 0, 1, 0, 0.9067965, 0, 0.42156857, 539.7904, 3.5991862, -521.6128)

[node name="ObstacleStumpGen14" parent="ObstacleGroup" unique_id=802984500 instance=ExtResource("10_y8hke")]
transform = Transform3D(0.41633525, 0, -0.90921116, 0, 1, 0, 0.90921116, 0, 0.41633525, 540.43787, 3.246298, -513.3448)

[node name="ObstacleRockGen9" parent="ObstacleGroup" unique_id=1989012491 instance=ExtResource("9_1b3a5")]
transform = Transform3D(0.35702944, 0, -0.9340931, 0, 1, 0, 0.9340931, 0, 0.35702944, 513.2147, 1.2645084, -502.0544)

[node name="ObstacleBicheGen19" parent="ObstacleGroup" unique_id=211852976 instance=ExtResource("1_r8dhe")]
transform = Transform3D(0.30209368, 0, -0.95327824, 0, 1, 0, 0.95327824, 0, 0.30209368, 463.1225, 0.08329868, -492.84476)

[node name="ObstacleCampeurGen16" parent="ObstacleGroup" unique_id=1496173819 instance=ExtResource("8_j5pv8")]
transform = Transform3D(0.2763652, 0, -0.9610527, 0, 1, 0, 0.9610527, 0, 0.2763652, 453.28955, 0.26306725, -494.24207)

[node name="ObstacleRockGen10" parent="ObstacleGroup" unique_id=1719703478 instance=ExtResource("9_1b3a5")]
transform = Transform3D(0.4151229, 0, -0.9097654, 0, 1, 0, 0.9097654, 0, 0.4151229, 458.72778, 0.15683746, -490.68704)

[node name="ObstacleRockGen11" parent="ObstacleGroup" unique_id=143765755 instance=ExtResource("9_1b3a5")]
transform = Transform3D(0.049347095, 0, -0.9987817, 0, 1, 0, 0.9987817, 0, 0.049347095, 417.11646, 1.9302249, -487.31143)

[node name="ObstacleBicheGen20" parent="ObstacleGroup" unique_id=2135292716 instance=ExtResource("1_r8dhe")]
transform = Transform3D(-0.44302168, 0, -0.89651084, 0, 1, 0, 0.89651084, 0, -0.44302168, 375.05402, 7.509987, -496.14948)

[node name="ObstacleRockGen12" parent="ObstacleGroup" unique_id=892196355 instance=ExtResource("9_1b3a5")]
transform = Transform3D(-0.6259745, 0, -0.77984345, 0, 1, 0, 0.77984345, 0, -0.6259745, 333.28882, 11.173179, -524.8471)

[node name="ObstacleCampeurGen17" parent="ObstacleGroup" unique_id=1706158111 instance=ExtResource("8_j5pv8")]
transform = Transform3D(-0.6339621, 0, -0.7733641, 0, 1, 0, 0.7733641, 0, -0.6339621, 323.85962, 11.47042, -532.5077)

[node name="ObstacleRockGen13" parent="ObstacleGroup" unique_id=767950995 instance=ExtResource("9_1b3a5")]
transform = Transform3D(-0.6348983, 0, -0.7725957, 0, 1, 0, 0.7725957, 0, -0.6348983, 320.26004, 11.534651, -535.4635)

[node name="ObstacleRockGen15" parent="ObstacleGroup" unique_id=188195295 instance=ExtResource("9_1b3a5")]
transform = Transform3D(0.80613905, 0, -0.5917261, 0, 1, 0, 0.5917261, 0, 0.80613905, 192.80637, -0.8594389, -513.68726)

[node name="ObstacleStumpGen15" parent="ObstacleGroup" unique_id=127170279 instance=ExtResource("10_y8hke")]
transform = Transform3D(0.85559005, 0, -0.51765394, 0, 1, 0, 0.51765394, 0, 0.85559005, 179.74994, -2.6294565, -493.98328)

[node name="ObstacleStumpGen16" parent="ObstacleGroup" unique_id=877792886 instance=ExtResource("10_y8hke")]
transform = Transform3D(0.884951, 0, -0.46568418, 0, 1, 0, 0.46568418, 0, 0.884951, 167.34262, -3.7303767, -471.89746)

[node name="ObstacleBicheGen23" parent="ObstacleGroup" unique_id=1618933756 instance=ExtResource("1_r8dhe")]
transform = Transform3D(0.89978737, 0, -0.4363285, 0, 1, 0, 0.4363285, 0, 0.89978737, 157.59627, -3.996122, -452.56375)

[node name="ObstacleCampeurGen18" parent="ObstacleGroup" unique_id=1220442601 instance=ExtResource("8_j5pv8")]
transform = Transform3D(0.907744, 0, -0.41952452, 0, 1, 0, 0.41952452, 0, 0.907744, 149.5657, -3.695703, -435.58194)

[node name="ObstacleStumpGen17" parent="ObstacleGroup" unique_id=792143808 instance=ExtResource("10_y8hke")]
transform = Transform3D(0.9147298, 0, -0.4040662, 0, 1, 0, 0.4040662, 0, 0.9147298, 135.30722, -1.7182231, -403.89023)

[node name="ObstacleRockGen16" parent="ObstacleGroup" unique_id=1993288559 instance=ExtResource("9_1b3a5")]
transform = Transform3D(0.9482506, 0, -0.31752297, 0, 1, 0, 0.31752297, 0, 0.9482506, 128.1486, -0.008487225, -386.1471)

[node name="ObstacleCampeurGen19" parent="ObstacleGroup" unique_id=1323742795 instance=ExtResource("8_j5pv8")]
transform = Transform3D(0.94555753, 0, -0.325455, 0, 1, 0, 0.325455, 0, 0.94555753, 128.48358, -0.09511948, -387.1336)

[node name="ObstacleBicheGen24" parent="ObstacleGroup" unique_id=161632768 instance=ExtResource("1_r8dhe")]
transform = Transform3D(0.91422135, 0, -0.40521517, 0, 1, 0, 0.40521517, 0, 0.91422135, 130.04498, -0.42418903, -411.3308)

[node name="ObstacleStumpGen18" parent="ObstacleGroup" unique_id=830872099 instance=ExtResource("10_y8hke")]
transform = Transform3D(0.9142213, 0, -0.40521514, 0, 1, 0, 0.40521514, 0, 0.9142213, 126.6869, 0.3711661, -413.4071)

[node name="ObstacleStumpGen19" parent="ObstacleGroup" unique_id=693282248 instance=ExtResource("10_y8hke")]
transform = Transform3D(0.9550862, 0, -0.29632816, 0, 1, 0, 0.29632816, 0, 0.9550862, 115.87048, 2.8962126, -386.36496)

[node name="ObstacleRockGen17" parent="ObstacleGroup" unique_id=618308168 instance=ExtResource("9_1b3a5")]
transform = Transform3D(0.9913089, 0, -0.1315545, 0, 1, 0, 0.1315545, 0, 0.9913089, 115.52649, 3.0115585, -366.99084)

[node name="ObstacleStumpGen20" parent="ObstacleGroup" unique_id=1583072271 instance=ExtResource("10_y8hke")]
transform = Transform3D(0.99440813, 0, 0.10560532, 0, 1, 0, -0.10560532, 0, 0.99440813, 123.164536, 2.171101, -349.60342)

[node name="ObstacleStumpGen21" parent="ObstacleGroup" unique_id=1585601606 instance=ExtResource("10_y8hke")]
transform = Transform3D(0.8876753, 0, 0.46046993, 0, 1, 0, -0.46046993, 0, 0.8876753, 129.4386, 2.3479385, -328.66418)

[node name="ObstacleRockGen18" parent="ObstacleGroup" unique_id=1116319161 instance=ExtResource("9_1b3a5")]
transform = Transform3D(0.69174564, 0, 0.72214127, 0, 1, 0, -0.72214127, 0, 0.69174564, 140.74258, 2.28674, -307.37292)

[node name="ObstacleStumpGen22" parent="ObstacleGroup" unique_id=810368909 instance=ExtResource("10_y8hke")]
transform = Transform3D(0.5747694, 0, 0.81831545, 0, 1, 0, -0.81831545, 0, 0.5747694, 149.55014, 2.8605926, -289.9792)

[node name="ObstacleStumpGen23" parent="ObstacleGroup" unique_id=639885284 instance=ExtResource("10_y8hke")]
transform = Transform3D(0.46429437, 0, 0.8856809, 0, 1, 0, -0.8856809, 0, 0.46429437, 172.13437, 1.5946496, -276.3974)

[node name="ObstacleRockGen19" parent="ObstacleGroup" unique_id=2141994005 instance=ExtResource("9_1b3a5")]
transform = Transform3D(0.3965769, 0, 0.9180014, 0, 1, 0, -0.9180014, 0, 0.3965769, 196.97621, 0.13727391, -264.6597)

[node name="ObstacleBicheGen25" parent="ObstacleGroup" unique_id=564682477 instance=ExtResource("1_r8dhe")]
transform = Transform3D(0.36560097, 0, 0.9307717, 0, 1, 0, -0.9307717, 0, 0.36560097, 217.46558, 0.1727786, -256.25232)

[node name="ObstacleBicheGen26" parent="ObstacleGroup" unique_id=1366128235 instance=ExtResource("1_r8dhe")]
transform = Transform3D(0.3529337, 0, 0.9356483, 0, 1, 0, -0.9356483, 0, 0.3529337, 232.57764, 0.09835082, -250.44528)

[node name="ObstacleBicheGen27" parent="ObstacleGroup" unique_id=707735078 instance=ExtResource("1_r8dhe")]
transform = Transform3D(0.33056515, 0, 0.94378316, 0, 1, 0, -0.94378316, 0, 0.33056515, 264.23987, -0.21206093, -251.52258)

[node name="ObstacleRockGen20" parent="ObstacleGroup" unique_id=1620458119 instance=ExtResource("9_1b3a5")]
transform = Transform3D(0.28260994, 0, 0.9592349, 0, 1, 0, -0.9592349, 0, 0.28260994, 281.00934, -0.3632183, -246.09865)

[node name="ObstacleRockGen21" parent="ObstacleGroup" unique_id=1288329330 instance=ExtResource("9_1b3a5")]
transform = Transform3D(0.26565227, 0, 0.9640689, 0, 1, 0, -0.9640689, 0, 0.26565227, 286.23328, -0.20071411, -244.6087)

[node name="ObstacleStumpGen24" parent="ObstacleGroup" unique_id=1965006213 instance=ExtResource("10_y8hke")]
transform = Transform3D(0.17260832, 0, 0.9849905, 0, 1, 0, -0.9849905, 0, 0.17260832, 308.6667, 0.9246712, -239.4986)

[node name="ObstacleBicheGen28" parent="ObstacleGroup" unique_id=126339745 instance=ExtResource("1_r8dhe")]
transform = Transform3D(0.13388065, 0, 0.99099743, 0, 1, 0, -0.99099743, 0, 0.13388065, 316.20532, 1.1345005, -238.32265)

[node name="ObstacleStumpGen25" parent="ObstacleGroup" unique_id=642193200 instance=ExtResource("10_y8hke")]
transform = Transform3D(-0.066253655, 0, 0.9978028, 0, 1, 0, -0.9978028, 0, -0.066253655, 346.2869, 2.0956707, -237.10309)

[node name="ObstacleBicheGen29" parent="ObstacleGroup" unique_id=1339143491 instance=ExtResource("1_r8dhe")]
transform = Transform3D(-0.7531378, 0, 0.6578627, 0, 1, 0, -0.6578627, 0, -0.7531378, 442.92365, 9.476812, -293.36328)

[node name="ObstacleRockGen22" parent="ObstacleGroup" unique_id=2138231805 instance=ExtResource("9_1b3a5")]
transform = Transform3D(-0.7651683, 0, 0.6438302, 0, 1, 0, -0.6438302, 0, -0.7651683, 447.59006, 9.727246, -298.80795)

[node name="ObstacleCampeurGen21" parent="ObstacleGroup" unique_id=1222215973 instance=ExtResource("8_j5pv8")]
transform = Transform3D(-0.8143001, 0, 0.5804439, 0, 1, 0, -0.5804439, 0, -0.8143001, 489.99652, 17.42506, -354.85593)

[node name="ObstacleStumpGen27" parent="ObstacleGroup" unique_id=1947193852 instance=ExtResource("10_y8hke")]
transform = Transform3D(-0.14129944, 0, -0.98996687, -0.28905275, 0.95642376, 0.04125693, 0.9468278, 0.29198226, -0.13514215, 500.72275, 19.172703, -369.8111)

[node name="ObstacleCampeurGen22" parent="ObstacleGroup" unique_id=615106548 instance=ExtResource("8_j5pv8")]
transform = Transform3D(-0.81586003, 0, 0.5782494, 0, 1, 0, -0.5782494, 0, -0.81586003, 507.6466, 18.988499, -365.9432)

[node name="ObstacleBicheGen30" parent="ObstacleGroup" unique_id=105746077 instance=ExtResource("1_r8dhe")]
transform = Transform3D(-0.8161145, 0, 0.5778903, 0, 1, 0, -0.5778903, 0, -0.8161145, 513.7949, 19.245472, -367.72855)

[node name="ObstacleStumpGen29" parent="ObstacleGroup" unique_id=725474568 instance=ExtResource("10_y8hke")]
transform = Transform3D(0.99699116, 0, 0.07751562, 0, 1, 0, -0.07751562, 0, 0.99699116, 554.49274, 28.706745, -334.06067)

[node name="ObstacleRockGen23" parent="ObstacleGroup" unique_id=1609654278 instance=ExtResource("9_1b3a5")]
transform = Transform3D(0.9997019, 0, 0.024414238, 0, 1, 0, -0.024414238, 0, 0.9997019, 555.8274, 29.29938, -306.35474)

[node name="ObstacleBicheGen31" parent="ObstacleGroup" unique_id=1442301844 instance=ExtResource("1_r8dhe")]
transform = Transform3D(0.99999976, 0, 0.0006103514, 0, 1, 0, -0.0006103514, 0, 0.99999976, 556.0786, 29.582232, -285.06186)

[node name="ObstacleRockGen24" parent="ObstacleGroup" unique_id=1490784977 instance=ExtResource("9_1b3a5")]
transform = Transform3D(0.99985397, 0, -0.017089956, 0, 1, 0, 0.017089956, 0, 0.99985397, 555.8712, 29.779861, -262.20416)

[node name="ObstacleRockGen25" parent="ObstacleGroup" unique_id=253351463 instance=ExtResource("9_1b3a5")]
transform = Transform3D(0.99963933, 0, -0.026855618, 0, 1, 0, 0.026855618, 0, 0.99963933, 563.1574, 30.343874, -238.34302)

[node name="ObstacleCampeurGen23" parent="ObstacleGroup" unique_id=1377847335 instance=ExtResource("8_j5pv8")]
transform = Transform3D(0.9993292, 0, -0.036621116, 0, 1, 0, 0.036621116, 0, 0.9993292, 558.615, 30.101587, -220.08385)

[node name="ObstacleBicheGen32" parent="ObstacleGroup" unique_id=964380462 instance=ExtResource("1_r8dhe")]
transform = Transform3D(0.9991128, 0, -0.04211417, 0, 1, 0, 0.04211417, 0, 0.9991128, 565.6915, 30.17578, -197.76646)

[node name="ObstacleStumpGen30" parent="ObstacleGroup" unique_id=272747564 instance=ExtResource("10_y8hke")]
transform = Transform3D(0.99886614, 0, -0.0476072, 0, 1, 0, 0.0476072, 0, 0.99886614, 564.62396, 30.032196, -174.24307)

[node name="ObstacleRockGen26" parent="ObstacleGroup" unique_id=1396465182 instance=ExtResource("9_1b3a5")]
transform = Transform3D(0.99126357, 0, -0.13189586, 0, 1, 0, 0.13189586, 0, 0.99126357, 558.50323, 29.783995, -143.83452)

[node name="ObstacleCampeurGen24" parent="ObstacleGroup" unique_id=1548044715 instance=ExtResource("8_j5pv8")]
transform = Transform3D(0.9896423, 0, -0.14355513, 0, 1, 0, 0.14355513, 0, 0.9896423, 554.26984, 29.714512, -142.4378)

[node name="ObstacleBicheGen33" parent="ObstacleGroup" unique_id=476219229 instance=ExtResource("1_r8dhe")]
transform = Transform3D(0.9988072, 0, -0.048828, 0, 1, 0, 0.048828, 0, 0.9988072, 564.1156, 30.003056, -163.74591)

[node name="ObstacleStumpGen31" parent="ObstacleGroup" unique_id=697336700 instance=ExtResource("10_y8hke")]
transform = Transform3D(0.9988661, 0, -0.047607195, 0, 1, 0, 0.047607195, 0, 0.9988661, 553.101, 29.998344, -184.392)

[node name="ObstacleRockGen27" parent="ObstacleGroup" unique_id=1848577710 instance=ExtResource("9_1b3a5")]
transform = Transform3D(0.99892795, -0.006707345, -0.04580023, 0.006711027, 0.99997747, -7.335823e-05, 0.045799695, -0.00023408714, 0.99895054, 553.4809, 29.994818, -192.54239)

[node name="ObstacleBicheGen34" parent="ObstacleGroup" unique_id=847240681 instance=ExtResource("1_r8dhe")]
transform = Transform3D(0.9988072, 0, -0.048828, 0, 1, 0, 0.048828, 0, 0.9988072, 552.58014, 30.00004, -173.53917)

[node name="ObstacleStumpGen32" parent="ObstacleGroup" unique_id=1589652869 instance=ExtResource("10_y8hke")]
transform = Transform3D(0.9981356, 0, -0.061034985, 0, 1, 0, 0.061034985, 0, 0.9981356, 551.7788, 29.993984, -157.4823)

[node name="ObstacleCampeurGen25" parent="ObstacleGroup" unique_id=959964657 instance=ExtResource("8_j5pv8")]
transform = Transform3D(0.16051535, 0, -0.98703337, 0, 1, 0, 0.98703337, 0, 0.16051535, 478.52826, 11.371021, -69.94412)

[node name="ObstacleBicheGen35" parent="ObstacleGroup" unique_id=1076731208 instance=ExtResource("1_r8dhe")]
transform = Transform3D(0.011863625, 0, -0.9999296, 0, 1, 0, 0.9999296, 0, 0.011863625, 444.11642, 5.6747017, -67.297104)

[node name="ObstacleBicheGen36" parent="ObstacleGroup" unique_id=348939737 instance=ExtResource("1_r8dhe")]
transform = Transform3D(-0.020729052, 0, -0.99978507, 0, 1, 0, 0.99978507, 0, -0.020729052, 430.59317, 3.9780416, -67.36702)

[node name="ObstacleStumpGen33" parent="ObstacleGroup" unique_id=876915262 instance=ExtResource("10_y8hke")]
transform = Transform3D(-0.05555788, 0, -0.99845546, 0, 1, 0, 0.99845546, 0, -0.05555788, 407.77173, 1.7980578, -68.27649)

[node name="ObstacleStumpGen34" parent="ObstacleGroup" unique_id=537137994 instance=ExtResource("10_y8hke")]
transform = Transform3D(-0.06844367, 0, -0.997655, 0, 1, 0, 0.997655, 0, -0.06844367, 393.1421, 0.84988004, -69.19326)

[node name="ObstacleStumpGen35" parent="ObstacleGroup" unique_id=1040847139 instance=ExtResource("10_y8hke")]
transform = Transform3D(-0.077515654, 0, -0.99699116, 0, 1, 0, 0.99699116, 0, -0.077515654, 371.88312, 0.09754759, -70.76715)

[node name="ObstacleStumpGen36" parent="ObstacleGroup" unique_id=1407541947 instance=ExtResource("10_y8hke")]
transform = Transform3D(-0.2790518, 0, -0.96027607, 0, 1, 0, 0.96027607, 0, -0.2790518, 346.13248, 7.9720385e-06, -62.060547)

