[gd_scene format=3 uid="uid://bh8jqfoto4b0w"]

[ext_resource type="PackedScene" uid="uid://c8n2mfslkbpqx" path="res://Scenes/obstacle_biche.tscn" id="1_r8dhe"]
[ext_resource type="PackedScene" uid="uid://boiv26se3ucg6" path="res://Scenes/obstacle_campeur.tscn" id="2_oigvy"]
[ext_resource type="Script" uid="uid://bxp3i4cnonh8y" path="res://addons/road-generator/nodes/road_manager.gd" id="3_j5pv8"]
[ext_resource type="Script" uid="uid://cph7euje06kel" path="res://addons/road-generator/nodes/road_container.gd" id="4_eo2fu"]
[ext_resource type="Material" uid="uid://dpashsuk5lr4x" path="res://addons/road-generator/resources/road_texture.material" id="5_1b3a5"]
[ext_resource type="Script" uid="uid://difs1qg4mpcpw" path="res://addons/road-generator/nodes/road_point.gd" id="6_y8hke"]
[ext_resource type="Script" uid="uid://hrtkj8vdt8lv" path="res://Scripts/character_walk.gd" id="7_oigvy"]

[sub_resource type="CapsuleShape3D" id="CapsuleShape3D_j5pv8"]
radius = 0.4
height = 1.8

[node name="LevelHighway" type="Node3D" unique_id=1453296238]

[node name="ObstacleCampeur" parent="." unique_id=110335833 instance=ExtResource("1_r8dhe")]

[node name="ObstacleCampeur2" parent="." unique_id=350731787 instance=ExtResource("2_oigvy")]
transform = Transform3D(1, 0, 0, 0, 1, 0, 0, 0, 1, 2, 0, 0)

[node name="RoadManager" type="Node3D" parent="." unique_id=1693690641]
script = ExtResource("3_j5pv8")
metadata/_custom_type_script = "uid://bxp3i4cnonh8y"

[node name="RoadContainer" type="Node3D" parent="RoadManager" unique_id=1059423771]
script = ExtResource("4_eo2fu")
material_resource = ExtResource("5_1b3a5")
use_lowpoly_preview = true
generate_ai_lanes = true
auto_free_vehicles = false
draw_lanes_editor = true
draw_lanes_game = true
edge_containers = Array[NodePath]([NodePath(""), NodePath(""), NodePath(""), NodePath("")])
edge_rp_targets = Array[NodePath]([NodePath(""), NodePath(""), NodePath(""), NodePath("")])
edge_rp_target_dirs = Array[int]([-1, -1, -1, -1])
edge_rp_locals = Array[NodePath]([NodePath("RoadPoint006"), NodePath("RoadPoint008"), NodePath(""), NodePath("")])
edge_rp_local_dirs = Array[int]([0, 1, 0, 1])
metadata/_custom_type_script = "uid://cph7euje06kel"

[node name="RoadPoint006" type="Node3D" parent="RoadManager/RoadContainer" unique_id=152086477]
transform = Transform3D(0.9962044, 1.9492354e-09, -0.0870446, 0, 1, 2.2393538e-08, 0.0870446, -2.2308539e-08, 0.9962044, 32.851776, 1.5258789e-05, 252.601)
script = ExtResource("6_y8hke")
traffic_dir = Array[int]([3, 3, 1])
lanes = Array[int]([7, 0, 7])
prior_mag = 166.06644
next_mag = 80.015594
prior_pt_init = NodePath("../RoadPoint007")

[node name="RoadPoint007" type="Node3D" parent="RoadManager/RoadContainer" unique_id=1295462759]
transform = Transform3D(0.86100996, 1.5294609e-15, -0.50858814, -1.7763568e-15, 1, 0, 0.50858814, 9.03434e-16, 0.86100996, 18.97876, 0, -488.06046)
script = ExtResource("6_y8hke")
traffic_dir = Array[int]([2, 1])
lanes = Array[int]([5, 5])
prior_mag = 296.3088
next_mag = 340.6963
prior_pt_init = NodePath("../RoadPoint008")
next_pt_init = NodePath("../RoadPoint006")

[node name="RoadPoint008" type="Node3D" parent="RoadManager/RoadContainer" unique_id=8005017]
transform = Transform3D(0.6665726, 1.5294609e-15, -0.7454402, -1.6929527e-15, 1, 5.379173e-16, 0.7454402, 9.03434e-16, 0.6665726, 395.83618, 6.7808495, -945.416)
script = ExtResource("6_y8hke")
traffic_dir = Array[int]([2, 2, 1, 1])
lanes = Array[int]([2, 4, 4, 2])
prior_mag = 419.5446
next_mag = 296.3088
next_pt_init = NodePath("../RoadPoint007")

[node name="Car" type="CharacterBody3D" parent="." unique_id=172102370]
transform = Transform3D(1, 0, 0, 0, 1, 0, 0, 0, 1, -0.81, 1, 0)
script = ExtResource("7_oigvy")

[node name="CollisionShape3D" type="CollisionShape3D" parent="Car" unique_id=602445953]
shape = SubResource("CapsuleShape3D_j5pv8")

[node name="Camera3D" type="Camera3D" parent="Car" unique_id=1986819944]
transform = Transform3D(1, 0, 0, 0, 1, 0, 0, 0, 1, 0, 1.6, 0)
current = true
