[gd_scene format=3 uid="uid://bh8jqfoto4b0w"]

[ext_resource type="PackedScene" uid="uid://c8n2mfslkbpqx" path="res://Scenes/obstacle_biche.tscn" id="1_r8dhe"]
[ext_resource type="Script" uid="uid://bxp3i4cnonh8y" path="res://addons/road-generator/nodes/road_manager.gd" id="3_j5pv8"]
[ext_resource type="Script" uid="uid://cph7euje06kel" path="res://addons/road-generator/nodes/road_container.gd" id="4_eo2fu"]
[ext_resource type="Material" uid="uid://dpashsuk5lr4x" path="res://addons/road-generator/resources/road_texture.material" id="5_1b3a5"]
[ext_resource type="Script" uid="uid://uwkx2tk6pt6u" path="res://addons/road-generator/nodes/road_lane_agent.gd" id="6_j5pv8"]
[ext_resource type="Script" uid="uid://difs1qg4mpcpw" path="res://addons/road-generator/nodes/road_point.gd" id="6_y8hke"]
[ext_resource type="PackedScene" uid="uid://d40tj2s2qf11" path="res://Scenes/car.tscn" id="7_car"]
[ext_resource type="PackedScene" uid="uid://boiv26se3ucg6" path="res://Scenes/obstacle_campeur.tscn" id="8_j5pv8"]
[ext_resource type="PackedScene" uid="uid://dq7jrock01" path="res://Scenes/obstacle_rock.tscn" id="9_1b3a5"]
[ext_resource type="PackedScene" uid="uid://dq7jstump01" path="res://Scenes/obstacle_stump.tscn" id="10_y8hke"]

[sub_resource type="Environment" id="Environment_c5po0"]
fog_light_color = Color(0.6368024, 0.53001297, 0.399056, 1)

[node name="LevelHighway" type="Node3D" unique_id=1453296238]

[node name="RoadManager" type="Node3D" parent="." unique_id=1693690641]
script = ExtResource("3_j5pv8")
metadata/_custom_type_script = "uid://bxp3i4cnonh8y"

[node name="RoadContainer" type="Node3D" parent="RoadManager" unique_id=1059423771]
script = ExtResource("4_eo2fu")
material_resource = ExtResource("5_1b3a5")
use_lowpoly_preview = true
generate_ai_lanes = true
ai_lane_group = "ai_road_lanes"
auto_free_vehicles = false
draw_lanes_editor = true
edge_containers = Array[NodePath]([NodePath("")])
edge_rp_targets = Array[NodePath]([NodePath("")])
edge_rp_target_dirs = Array[int]([-1])
edge_rp_locals = Array[NodePath]([NodePath("RP_026")])
edge_rp_local_dirs = Array[int]([1])
metadata/_custom_type_script = "uid://cph7euje06kel"

[node name="RoadLaneAgent" type="Node" parent="RoadManager/RoadContainer" unique_id=187748785]
script = ExtResource("6_j5pv8")
metadata/_custom_type_script = "uid://uwkx2tk6pt6u"

[node name="RP_001" type="Node3D" parent="RoadManager/RoadContainer" unique_id=76932034]
transform = Transform3D(-0.9963732, 0, -0.08509124, 0, 1, 0, 0.08509124, 0, -0.9963732, 339.3624, 0, -981.072)
script = ExtResource("6_y8hke")
traffic_dir = Array[int]([1, 1, 1, 1])
lanes = Array[int]([0, 3, 3, 2])
terminated = true
next_mag = 5.5792847
prior_pt_init = NodePath("../RP_002")

[node name="RP_002" type="Node3D" parent="RoadManager/RoadContainer" unique_id=1502795799]
transform = Transform3D(-0.996373, 0, -0.0850929, 0, 1, 0, 0.0850929, 0, -0.996373, 340.41968, 0, -909.13336)
script = ExtResource("6_y8hke")
traffic_dir = Array[int]([1, 1, 1, 1])
lanes = Array[int]([0, 3, 3, 2])
prior_mag = 17.5542
next_mag = 16.0
prior_pt_init = NodePath("../RP_003")
next_pt_init = NodePath("../RP_001")

[node name="RP_003" type="Node3D" parent="RoadManager/RoadContainer" unique_id=1298958474]
transform = Transform3D(-0.72737145, 0, 0.68624395, 0, 1, 0, -0.68624395, 0, -0.72737145, 291.9057, 0, -785.61694)
script = ExtResource("6_y8hke")
traffic_dir = Array[int]([1, 1, 1, 1])
lanes = Array[int]([0, 3, 3, 2])
prior_mag = 45.46675
next_mag = 66.35117
prior_pt_init = NodePath("../RP_004")
next_pt_init = NodePath("../RP_002")

[node name="RP_004" type="Node3D" parent="RoadManager/RoadContainer" unique_id=1614967318]
transform = Transform3D(-0.76190233, 0, -0.6476919, 0, 1, 0, 0.6476919, 0, -0.76190233, 308.582, 0, -696.22565)
script = ExtResource("6_y8hke")
traffic_dir = Array[int]([1, 1, 1, 1])
lanes = Array[int]([0, 3, 3, 2])
prior_mag = 41.68147
next_mag = 45.46675
prior_pt_init = NodePath("../RP_005")
next_pt_init = NodePath("../RP_003")

[node name="RP_005" type="Node3D" parent="RoadManager/RoadContainer" unique_id=2010537799]
transform = Transform3D(0.32532725, -0.048525967, -0.94435555, 0.015805438, 0.9988219, -0.045879815, 0.9454694, 0, 0.32571095, 390.976, 0, -683.5526)
script = ExtResource("6_y8hke")
traffic_dir = Array[int]([1, 1, 1, 1])
lanes = Array[int]([0, 3, 3, 2])
prior_mag = 48.4933
next_mag = 41.68147
prior_pt_init = NodePath("../RP_006")
next_pt_init = NodePath("../RP_004")

[node name="RP_006" type="Node3D" parent="RoadManager/RoadContainer" unique_id=1304588364]
transform = Transform3D(0.90658593, 0.13581577, 0.39956984, -0.12428023, 0.9907341, -0.054775428, -0.40330684, 0, 0.9150648, 401.2824, 0, -779.99005)
script = ExtResource("6_y8hke")
traffic_dir = Array[int]([1, 1, 1, 1])
lanes = Array[int]([0, 3, 3, 2])
prior_mag = 40.302063
next_mag = 48.4933
prior_pt_init = NodePath("../RP_007")
next_pt_init = NodePath("../RP_005")

[node name="RP_007" type="Node3D" parent="RoadManager/RoadContainer" unique_id=1254450716]
transform = Transform3D(0.42474353, 0, -0.90531373, 0, 1, 0, 0.90531373, 0, 0.42474353, 447.3706, 0, -846.118)
script = ExtResource("6_y8hke")
traffic_dir = Array[int]([1, 1, 1, 1])
lanes = Array[int]([0, 3, 3, 2])
prior_mag = 37.025604
next_mag = 40.302063
prior_pt_init = NodePath("../RP_008")
next_pt_init = NodePath("../RP_006")

[node name="RP_008" type="Node3D" parent="RoadManager/RoadContainer" unique_id=320576949]
transform = Transform3D(-0.6177389, 0, -0.7863833, 0, 1, 0, 0.7863833, 0, -0.6177389, 519.9032, 0, -831.19806)
script = ExtResource("6_y8hke")
traffic_dir = Array[int]([1, 1, 1, 1])
lanes = Array[int]([0, 3, 3, 2])
prior_mag = 54.08699
next_mag = 37.025604
prior_pt_init = NodePath("../RP_009")
next_pt_init = NodePath("../RP_007")

[node name="RP_009" type="Node3D" parent="RoadManager/RoadContainer" unique_id=296495514]
transform = Transform3D(-0.95100826, 0, 0.30916554, 0, 1, 0, -0.30916554, 0, -0.95100826, 538.66455, 13.292637, -724.66345)
script = ExtResource("6_y8hke")
traffic_dir = Array[int]([1, 1, 1, 1])
lanes = Array[int]([0, 3, 3, 2])
prior_mag = 46.863815
next_mag = 54.08699
prior_pt_init = NodePath("../RP_010")
next_pt_init = NodePath("../RP_008")

[node name="RP_010" type="Node3D" parent="RoadManager/RoadContainer" unique_id=1746847260]
transform = Transform3D(-0.76990825, 0, 0.6381546, 0, 1, 0, -0.6381546, 0, -0.76990825, 493.1867, 0, -642.7084)
script = ExtResource("6_y8hke")
traffic_dir = Array[int]([1, 1, 1, 1])
lanes = Array[int]([0, 3, 3, 2])
prior_mag = 52.262615
next_mag = 46.863815
prior_pt_init = NodePath("../RP_011")
next_pt_init = NodePath("../RP_009")

[node name="RP_011" type="Node3D" parent="RoadManager/RoadContainer" unique_id=2069502805]
transform = Transform3D(-0.38177043, -0.05294759, -0.9227393, -0.020242218, 0.99859726, -0.048925452, 0.9240355, 0, -0.3823067, 558.94995, 8.020813, -561.46356)
script = ExtResource("6_y8hke")
traffic_dir = Array[int]([1, 1, 1, 1])
lanes = Array[int]([0, 3, 3, 2])
prior_mag = 53.499393
next_mag = 52.262615
prior_pt_init = NodePath("../RP_012")
next_pt_init = NodePath("../RP_010")

[node name="RP_012" type="Node3D" parent="RoadManager/RoadContainer" unique_id=1726342678]
transform = Transform3D(-0.32807216, 0, 0.9446527, 0, 1, 0, -0.9446527, 0, -0.32807216, 475.2712, 0, -494.78067)
script = ExtResource("6_y8hke")
traffic_dir = Array[int]([1, 1, 1, 1])
lanes = Array[int]([0, 3, 3, 2])
prior_mag = 85.78991
next_mag = 53.499393
prior_pt_init = NodePath("../RP_013")
next_pt_init = NodePath("../RP_011")

[node name="RP_013" type="Node3D" parent="RoadManager/RoadContainer" unique_id=1866918073]
transform = Transform3D(0.63649076, 0, 0.77128434, 0, 1, 0, -0.77128434, 0, 0.63649076, 308.9662, 11.587055, -536.9977)
script = ExtResource("6_y8hke")
traffic_dir = Array[int]([1, 1, 1, 1])
lanes = Array[int]([0, 3, 3, 2])
prior_mag = 113.04182
next_mag = 85.78991
prior_pt_init = NodePath("../RP_014")
next_pt_init = NodePath("../RP_012")

[node name="RP_014" type="Node3D" parent="RoadManager/RoadContainer" unique_id=792976635]
transform = Transform3D(-0.8867826, 0.22881776, 0.4015707, 0.20844172, 0.97346926, -0.09439077, -0.41251504, 0, -0.9109508, 127.893524, 0, -401.62225)
script = ExtResource("6_y8hke")
traffic_dir = Array[int]([1, 1, 1, 1])
lanes = Array[int]([0, 3, 3, 2])
prior_mag = 99.72363
next_mag = 113.04182
prior_pt_init = NodePath("../RP_015")
next_pt_init = NodePath("../RP_013")

[node name="RP_015" type="Node3D" parent="RoadManager/RoadContainer" unique_id=1840669150]
transform = Transform3D(-0.3472021, 0, -0.93779033, 0.063048, 0.99773747, -0.023342526, 0.9356685, -0.06723037, -0.34641653, 255.47112, 0, -248.31482)
script = ExtResource("6_y8hke")
traffic_dir = Array[int]([1, 1, 1, 1])
lanes = Array[int]([0, 3, 3, 2])
prior_mag = 141.71515
next_mag = 99.72363
prior_pt_init = NodePath("../RP_016")
next_pt_init = NodePath("../RP_014")

[node name="RP_016" type="Node3D" parent="RoadManager/RoadContainer" unique_id=104450914]
transform = Transform3D(0.8189921, 0, -0.57380486, -0.08399084, 0.98922914, -0.119880185, 0.5676245, 0.14637527, 0.8101708, 510.084, 20, -372.833)
script = ExtResource("6_y8hke")
traffic_dir = Array[int]([1, 1, 1, 1])
lanes = Array[int]([0, 3, 3, 2])
prior_mag = 109.218544
next_mag = 141.71515
prior_pt_init = NodePath("../RP_017")
next_pt_init = NodePath("../RP_015")

[node name="RP_017" type="Node3D" parent="RoadManager/RoadContainer" unique_id=968863586]
transform = Transform3D(-0.99879885, 0, 0.04899867, 0, 1, 0, -0.04899867, 0, -0.99879885, 557.91, 30, -159.696)
script = ExtResource("6_y8hke")
traffic_dir = Array[int]([1, 1, 1, 1])
lanes = Array[int]([0, 3, 3, 2])
prior_mag = 109.318924
next_mag = 109.218544
prior_pt_init = NodePath("../RP_018")
next_pt_init = NodePath("../RP_016")

[node name="RP_018" type="Node3D" parent="RoadManager/RoadContainer" unique_id=2121222123]
transform = Transform3D(0.07855226, 0, 0.99691004, 0, 1, 0, -0.99691004, 0, 0.07855227, 360.53824, 7.6293945e-06, -65.6387)
script = ExtResource("6_y8hke")
traffic_dir = Array[int]([1, 1, 1, 1])
lanes = Array[int]([0, 3, 3, 2])
prior_mag = 36.02354
next_mag = 109.318924
prior_pt_init = NodePath("../RP_019")
next_pt_init = NodePath("../RP_017")

[node name="RP_019" type="Node3D" parent="RoadManager/RoadContainer" unique_id=598185511]
transform = Transform3D(0.9991227, 0, 0.041880127, 0, 1, 0, -0.041880127, 0, 0.9991227, 322.18802, 1.5258789e-05, -126.63085)
script = ExtResource("6_y8hke")
traffic_dir = Array[int]([1, 1, 1, 1])
lanes = Array[int]([0, 3, 3, 2])
prior_mag = 73.69688
next_mag = 36.02354
prior_pt_init = NodePath("../RP_020")
next_pt_init = NodePath("../RP_018")

[node name="RP_020" type="Node3D" parent="RoadManager/RoadContainer" unique_id=1028032749]
transform = Transform3D(-0.7548363, -0.07403056, 0.6517221, -0.09113428, 0.99580985, 0.0075627416, -0.6495512, -0.05368553, -0.7584203, 191.916, 20, -57.681)
script = ExtResource("6_y8hke")
traffic_dir = Array[int]([1, 1, 1, 1])
lanes = Array[int]([0, 3, 3, 2])
prior_mag = 115.27695
next_mag = 73.69688
prior_pt_init = NodePath("../RP_021")
next_pt_init = NodePath("../RP_019")

[node name="RP_021" type="Node3D" parent="RoadManager/RoadContainer" unique_id=1205127745]
transform = Transform3D(-0.06844333, 0, 0.99765503, 0, 1, 0, -0.99765503, 0, -0.06844333, 70.9944, 15.526604, -100.238)
script = ExtResource("6_y8hke")
traffic_dir = Array[int]([1, 1, 1, 1])
lanes = Array[int]([0, 3, 3, 2])
prior_mag = 47.71637
next_mag = 81.64716
prior_pt_init = NodePath("../RP_022")
next_pt_init = NodePath("../RP_020")

[node name="RP_022" type="Node3D" parent="RoadManager/RoadContainer" unique_id=230399325]
transform = Transform3D(-0.99223197, 0, 0.12440118, 0, 1, 0, -0.12440118, 0, -0.99223197, 54.202, 40, -9.087)
script = ExtResource("6_y8hke")
traffic_dir = Array[int]([1, 1, 1, 1])
lanes = Array[int]([0, 3, 3, 2])
prior_mag = 92.729546
next_mag = 46.65282
prior_pt_init = NodePath("../RP_023")
next_pt_init = NodePath("../RP_021")

[node name="RP_023" type="Node3D" parent="RoadManager/RoadContainer" unique_id=1601377243]
transform = Transform3D(-0.86989695, 1.8605364e-09, 0.4932338, -0.057147596, 0.99326533, -0.10078895, -0.48991194, -0.11586311, -0.86403835, -58.477394, 50, -29.753384)
script = ExtResource("6_y8hke")
traffic_dir = Array[int]([1, 1, 1, 1])
lanes = Array[int]([0, 3, 3, 2])
prior_mag = 8.1397
next_mag = 54.693504
prior_pt_init = NodePath("../RP_024")
next_pt_init = NodePath("../RP_022")

[node name="RP_024" type="Node3D" parent="RoadManager/RoadContainer" unique_id=256296238]
transform = Transform3D(-0.9745672, 0, -0.22409567, 0, 1, 0, 0.22409567, 0, -0.9745672, -64.70055, 60, 34.65602)
script = ExtResource("6_y8hke")
traffic_dir = Array[int]([1, 1, 1, 1])
lanes = Array[int]([0, 3, 3, 2])
prior_mag = 78.69228
next_mag = 62.526405
prior_pt_init = NodePath("../RP_025")
next_pt_init = NodePath("../RP_023")

[node name="RP_025" type="Node3D" parent="RoadManager/RoadContainer" unique_id=1869539969]
transform = Transform3D(0.81889147, 0, 0.5739484, 0, 1, 0, -0.5739484, 0, 0.81889147, -191.5063, 70, 25.31403)
script = ExtResource("6_y8hke")
traffic_dir = Array[int]([1, 1, 1, 1])
lanes = Array[int]([0, 3, 3, 2])
prior_mag = 97.26773
next_mag = 78.69228
prior_pt_init = NodePath("../RP_026")
next_pt_init = NodePath("../RP_024")

[node name="RP_026" type="Node3D" parent="RoadManager/RoadContainer" unique_id=1474372005]
transform = Transform3D(-0.9904616, 0, 0.13778953, 0, 1, 0, -0.13778952, 0, -0.9904616, -294.9834, 80, 132.433)
script = ExtResource("6_y8hke")
traffic_dir = Array[int]([1, 1, 1, 1])
lanes = Array[int]([0, 3, 3, 2])
prior_mag = 97.26773
next_mag = 97.26773
next_pt_init = NodePath("../RP_025")

[node name="Car" parent="." unique_id=1137895666 node_paths=PackedStringArray("road_lane_agent") instance=ExtResource("7_car")]
transform = Transform3D(-0.9921314, 0, -0.12520063, 0, 1, 0, 0.12520063, 0, -0.9921314, 344.6723, 6.7808495, -937.2417)
vitesse = 30.0
road_lane_agent = NodePath("../RoadManager/RoadContainer/RoadLaneAgent")

[node name="WorldEnvironment" type="WorldEnvironment" parent="." unique_id=223461862]
environment = SubResource("Environment_c5po0")

[node name="ObstacleGroup" type="Node3D" parent="."]

[node name="ObstacleCampeurGen1" parent="ObstacleGroup" unique_id=635861027 instance=ExtResource("8_j5pv8")]
transform = Transform3D(0.2482240623553185, 0, 0.9687026452259863, 0, 1, 0, -0.9687026452259863, 0, 0.2482240623553185, 342.06304508876656, 0.0, -921.5735513674985)

[node name="ObstacleCampeurGen2" parent="ObstacleGroup" unique_id=1302340699 instance=ExtResource("8_j5pv8")]
transform = Transform3D(-0.6063258354319206, 0, 0.7952163110046118, 0, 1, 0, -0.7952163110046118, 0, -0.6063258354319206, 337.49317414152944, 0.0, -902.1400280364038)

[node name="ObstacleCampeurGen3" parent="ObstacleGroup" unique_id=1432860437 instance=ExtResource("8_j5pv8")]
transform = Transform3D(-0.8319140320582462, 0, 0.5549045352712404, 0, 1, 0, -0.5549045352712404, 0, -0.8319140320582462, 331.35833367214985, 0.0, -886.5369612161818)

[node name="ObstacleCampeurGen4" parent="ObstacleGroup" unique_id=608389542 instance=ExtResource("8_j5pv8")]
transform = Transform3D(0.893175063501253, 0, -0.4497091348188656, 0, 1, 0, 0.4497091348188656, 0, 0.893175063501253, 339.58530772571186, 0.0, -864.4256446358324)

[node name="ObstacleRockGen1" parent="ObstacleGroup" unique_id=1780162196 instance=ExtResource("9_1b3a5")]
transform = Transform3D(0.8895394098697148, 0, -0.4568584444755723, 0, 1, 0, 0.4568584444755723, 0, 0.8895394098697148, 327.2395301729184, 0.0, -846.8666062353425)

[node name="ObstacleStumpGen1" parent="ObstacleGroup" unique_id=1841070901 instance=ExtResource("10_y8hke")]
transform = Transform3D(0.6568891395612446, 0, -0.7539871738474653, 0, 1, 0, 0.7539871738474653, 0, 0.6568891395612446, 328.96823559153074, 0.0, -817.6396505359188)

[node name="ObstacleCampeurGen5" parent="ObstacleGroup" unique_id=1605983442 instance=ExtResource("8_j5pv8")]
transform = Transform3D(0.5400754694627974, 0, 0.8416165916167165, 0, 1, 0, -0.8416165916167165, 0, 0.5400754694627974, 307.82397231746705, 0.0, -797.2001459543143)

[node name="ObstacleBicheGen1" parent="ObstacleGroup" unique_id=1943814971 instance=ExtResource("1_r8dhe")]
transform = Transform3D(0.6944077567334199, 0, -0.7195817308606851, 0, 1, 0, 0.7195817308606851, 0, 0.6944077567334199, 289.8369772519685, 0.0, -785.5578853247662)

[node name="ObstacleCampeurGen6" parent="ObstacleGroup" unique_id=755392397 instance=ExtResource("8_j5pv8")]
transform = Transform3D(-0.9690552266086273, 0, 0.2468440150834166, 0, 1, 0, -0.2468440150834166, 0, -0.9690552266086273, 278.4326992385873, 0.0, -787.9382889502906)

[node name="ObstacleCampeurGen7" parent="ObstacleGroup" unique_id=578724683 instance=ExtResource("8_j5pv8")]
transform = Transform3D(0.6905832121679373, 0, -0.7232529481943463, 0, 1, 0, 0.7232529481943463, 0, 0.6905832121679373, 264.35276321270635, 0.0, -772.9465548683015)

[node name="ObstacleRockGen2" parent="ObstacleGroup" unique_id=698295509 instance=ExtResource("9_1b3a5")]
transform = Transform3D(-0.803314110731685, 0, 0.5955555721335852, 0, 1, 0, -0.5955555721335852, 0, -0.803314110731685, 273.5664222452522, 0.0, -756.916988574715)

[node name="ObstacleBicheGen2" parent="ObstacleGroup" unique_id=699416364 instance=ExtResource("1_r8dhe")]
transform = Transform3D(0.9784372258753014, 0, -0.2065444141618079, 0, 1, 0, 0.2065444141618079, 0, 0.9784372258753014, 273.7105341953741, 0.0, -737.1172750827373)

[node name="ObstacleStumpGen2" parent="ObstacleGroup" unique_id=660955366 instance=ExtResource("10_y8hke")]
transform = Transform3D(0.74868931290038, 0, 0.6629210456372289, 0, 1, 0, -0.6629210456372289, 0, 0.74868931290038, 288.74113208724003, 0.0, -717.1266417130771)

[node name="ObstacleCampeurGen8" parent="ObstacleGroup" unique_id=670084674 instance=ExtResource("8_j5pv8")]
transform = Transform3D(0.9724202314844129, 0, -0.233235703527142, 0, 1, 0, 0.233235703527142, 0, 0.9724202314844129, 291.7376092290739, 0.0, -701.0871313350827)

[node name="ObstacleRockGen3" parent="ObstacleGroup" unique_id=1664538604 instance=ExtResource("9_1b3a5")]
transform = Transform3D(-0.9166626027829782, 0, 0.39966194797495547, 0, 1, 0, -0.39966194797495547, 0, -0.9166626027829782, 307.58642229720476, 0.0, -691.904451627278)

[node name="ObstacleStumpGen3" parent="ObstacleGroup" unique_id=348347436 instance=ExtResource("10_y8hke")]
transform = Transform3D(0.9950986489951581, 0, -0.09888720224584743, 0, 1, 0, 0.09888720224584743, 0, 0.9950986489951581, 328.4151370462817, 0.0, -705.0038303511396)

[node name="ObstacleBicheGen3" parent="ObstacleGroup" unique_id=103631985 instance=ExtResource("1_r8dhe")]
transform = Transform3D(-0.25607507655416584, 0, -0.9666568963017738, 0, 1, 0, 0.9666568963017738, 0, -0.25607507655416584, 352.41254331744335, 0.0, -710.4254622866579)

[node name="ObstacleCampeurGen9" parent="ObstacleGroup" unique_id=1575014482 instance=ExtResource("8_j5pv8")]
transform = Transform3D(0.3476543739844415, 0, -0.9376227579626499, 0, 1, 0, 0.9376227579626499, 0, 0.3476543739844415, 367.04342143275494, 0.0, -696.941489792387)

[node name="ObstacleBicheGen4" parent="ObstacleGroup" unique_id=1540163745 instance=ExtResource("1_r8dhe")]
transform = Transform3D(-0.05055758970933651, 0, -0.9987211473293145, 0, 1, 0, 0.9987211473293145, 0, -0.05055758970933651, 386.96231439344365, 0.0, -678.8882371844944)

[node name="ObstacleRockGen4" parent="ObstacleGroup" unique_id=1526439562 instance=ExtResource("9_1b3a5")]
transform = Transform3D(0.9048971020051892, 0, 0.42563039692039156, 0, 1, 0, -0.42563039692039156, 0, 0.9048971020051892, 412.9121153607549, 0.0, -695.7163399995248)

[node name="ObstacleStumpGen4" parent="ObstacleGroup" unique_id=764183755 instance=ExtResource("10_y8hke")]
transform = Transform3D(-0.3109421262131514, 0, 0.9504288474925646, 0, 1, 0, -0.9504288474925646, 0, -0.3109421262131514, 412.78078621432655, 0.0, -712.4582026810732)

[node name="ObstacleStumpGen5" parent="ObstacleGroup" unique_id=1290591741 instance=ExtResource("10_y8hke")]
transform = Transform3D(-0.325650184908238, 0, -0.9454903262695131, 0, 1, 0, 0.9454903262695131, 0, -0.325650184908238, 411.2070868188942, 0.0, -740.8036092994104)

[node name="ObstacleBicheGen5" parent="ObstacleGroup" unique_id=2119415603 instance=ExtResource("1_r8dhe")]
transform = Transform3D(-0.8776542612995951, 0, 0.4792942703837195, 0, 1, 0, -0.4792942703837195, 0, -0.8776542612995951, 421.0260294613129, 0.0, -769.0020979915842)

[node name="ObstacleCampeurGen10" parent="ObstacleGroup" unique_id=473720866 instance=ExtResource("8_j5pv8")]
transform = Transform3D(-0.011720635834087176, 0, -0.9999313109887322, 0, 1, 0, 0.9999313109887322, 0, -0.011720635834087176, 405.2234540002033, 0.0, -787.8916713942987)

[node name="ObstacleBicheGen6" parent="ObstacleGroup" unique_id=1787404237 instance=ExtResource("1_r8dhe")]
transform = Transform3D(0.24757794220633225, 0, 0.9688679799296074, 0, 1, 0, -0.9688679799296074, 0, 0.24757794220633225, 396.80640799806645, 0.0, -768.9731682715667)

[node name="ObstacleBicheGen7" parent="ObstacleGroup" unique_id=1098554532 instance=ExtResource("1_r8dhe")]
transform = Transform3D(-0.5636122009622233, 0, -0.8260395189859371, 0, 1, 0, 0.8260395189859371, 0, -0.5636122009622233, 405.33500635975105, 0.0, -799.4670888172155)

[node name="ObstacleStumpGen6" parent="ObstacleGroup" unique_id=1116159585 instance=ExtResource("10_y8hke")]
transform = Transform3D(0.22609872660203773, 0, 0.9741043916485219, 0, 1, 0, -0.9741043916485219, 0, 0.22609872660203773, 417.8236113012604, 0.0, -816.7459349164945)

[node name="ObstacleRockGen5" parent="ObstacleGroup" unique_id=1525615259 instance=ExtResource("9_1b3a5")]
transform = Transform3D(-0.21069536985559284, 0, 0.9775517690237254, 0, 1, 0, -0.9775517690237254, 0, -0.21069536985559284, 416.8946892654662, 0.0, -838.1100390543642)

[node name="ObstacleCampeurGen11" parent="ObstacleGroup" unique_id=527628276 instance=ExtResource("8_j5pv8")]
transform = Transform3D(0.15866402976221003, 0, 0.9873326317202408, 0, 1, 0, -0.9873326317202408, 0, 0.15866402976221003, 433.84543983019034, 0.0, -847.8837791100988)

[node name="ObstacleRockGen6" parent="ObstacleGroup" unique_id=1120347521 instance=ExtResource("9_1b3a5")]
transform = Transform3D(0.03239958010637644, 0, 0.9994749957897548, 0, 1, 0, -0.9994749957897548, 0, 0.03239958010637644, 457.48276071313757, 0.0, -832.2985756008832)

[node name="ObstacleBicheGen8" parent="ObstacleGroup" unique_id=1077998770 instance=ExtResource("1_r8dhe")]
transform = Transform3D(0.11591081153596755, 0, -0.993259625560746, 0, 1, 0, 0.993259625560746, 0, 0.11591081153596755, 484.2233926640124, 0.0, -825.2158146328196)

[node name="ObstacleStumpGen7" parent="ObstacleGroup" unique_id=1642636096 instance=ExtResource("10_y8hke")]
transform = Transform3D(-0.8890848686254241, 0, -0.45774239085026014, 0, 1, 0, 0.45774239085026014, 0, -0.8890848686254241, 508.05592421326963, 0.0, -820.9382024208957)

[node name="ObstacleCampeurGen12" parent="ObstacleGroup" unique_id=111907395 instance=ExtResource("8_j5pv8")]
transform = Transform3D(-0.5565728318115317, 0, -0.8307988221520854, 0, 1, 0, 0.8307988221520854, 0, -0.5565728318115317, 534.7669779460927, 0.7057567098367565, -834.3332280305833)

[node name="ObstacleRockGen7" parent="ObstacleGroup" unique_id=1826812765 instance=ExtResource("9_1b3a5")]
transform = Transform3D(0.19452866349610778, 0, 0.9808968340648359, 0, 1, 0, -0.9808968340648359, 0, 0.19452866349610778, 538.3698495937388, 3.048460939567645, -807.61420440822)

[node name="ObstacleBicheGen9" parent="ObstacleGroup" unique_id=207843154 instance=ExtResource("1_r8dhe")]
transform = Transform3D(-0.9936412345678489, 0, -0.11259261506191684, 0, 1, 0, 0.11259261506191684, 0, -0.9936412345678489, 547.5092075585573, 5.967198190145934, -777.2571806467515)

[node name="ObstacleRockGen8" parent="ObstacleGroup" unique_id=386343536 instance=ExtResource("9_1b3a5")]
transform = Transform3D(0.7230986186510392, 0, 0.6907448064987235, 0, 1, 0, -0.6907448064987235, 0, 0.7230986186510392, 541.0358269334587, 8.059911473546203, -754.8681274256708)

[node name="ObstacleStumpGen8" parent="ObstacleGroup" unique_id=2026739740 instance=ExtResource("10_y8hke")]
transform = Transform3D(-0.9551032228653151, 0, -0.296273241573194, 0, 1, 0, 0.296273241573194, 0, -0.9551032228653151, 548.7734019560042, 10.644060166167439, -730.2470395278352)

[node name="ObstacleCampeurGen13" parent="ObstacleGroup" unique_id=1066517452 instance=ExtResource("8_j5pv8")]
transform = Transform3D(0.6446330383768896, 0, -0.7644921489675218, 0, 1, 0, 0.7644921489675218, 0, 0.6446330383768896, 538.603393646521, 13.205252017992786, -731.5308678882685)

[node name="ObstacleStumpGen9" parent="ObstacleGroup" unique_id=695521585 instance=ExtResource("10_y8hke")]
transform = Transform3D(0.5350992067937954, 0, -0.8447892274932552, 0, 1, 0, 0.8447892274932552, 0, 0.5350992067937954, 532.753926500881, 9.646317471603984, -714.5315979519788)

[node name="ObstacleStumpGen10" parent="ObstacleGroup" unique_id=266394235 instance=ExtResource("10_y8hke")]
transform = Transform3D(-0.15393579177356864, 0, 0.9880808529725917, 0, 1, 0, -0.9880808529725917, 0, -0.15393579177356864, 516.1455470685421, 6.489475554551743, -687.3080487238636)

[node name="ObstacleStumpGen11" parent="ObstacleGroup" unique_id=397156035 instance=ExtResource("10_y8hke")]
transform = Transform3D(-0.9683448606182535, 0, -0.24961616717315227, 0, 1, 0, 0.24961616717315227, 0, -0.9683448606182535, 515.0151722868496, 3.906935353121913, -662.247805703526)

[node name="ObstacleBicheGen10" parent="ObstacleGroup" unique_id=428146801 instance=ExtResource("1_r8dhe")]
transform = Transform3D(-0.7418904782803256, 0, 0.6705210796365687, 0, 1, 0, -0.6705210796365687, 0, -0.7418904782803256, 509.005737763704, 0.8225916931367502, -632.9607091601644)

[node name="ObstacleBicheGen11" parent="ObstacleGroup" unique_id=975312989 instance=ExtResource("1_r8dhe")]
transform = Transform3D(0.919668135555167, 0, 0.3926964736848078, 0, 1, 0, -0.3926964736848078, 0, 0.919668135555167, 490.45613631241287, 0.0035076635617558435, -642.4456974166225)

[node name="ObstacleStumpGen12" parent="ObstacleGroup" unique_id=544173470 instance=ExtResource("10_y8hke")]
transform = Transform3D(-0.8632081441292436, 0, 0.504848194915013, 0, 1, 0, -0.504848194915013, 0, -0.8632081441292436, 478.75155502095, 1.6201831620903147, -637.2316286631119)

[node name="ObstacleBicheGen12" parent="ObstacleGroup" unique_id=916862042 instance=ExtResource("1_r8dhe")]
transform = Transform3D(0.09782690013422259, 0, -0.9952034453367457, 0, 1, 0, 0.9952034453367457, 0, 0.09782690013422259, 497.0544355790666, 3.189770969284034, -621.5083736327155)

[node name="ObstacleBicheGen13" parent="ObstacleGroup" unique_id=741265791 instance=ExtResource("1_r8dhe")]
transform = Transform3D(0.935979660884954, 0, -0.3520540788141597, 0, 1, 0, 0.3520540788141597, 0, 0.935979660884954, 496.88563648729206, 4.334591044318246, -602.5359855712061)

[node name="ObstacleBicheGen14" parent="ObstacleGroup" unique_id=2147476056 instance=ExtResource("1_r8dhe")]
transform = Transform3D(0.6051725880770109, 0, -0.7960943026050196, 0, 1, 0, 0.7960943026050196, 0, 0.6051725880770109, 504.5186368696818, 5.544675181552859, -583.5215603131181)

[node name="ObstacleCampeurGen14" parent="ObstacleGroup" unique_id=1677614633 instance=ExtResource("8_j5pv8")]
transform = Transform3D(-0.9713030437530736, 0, -0.23784532199733222, 0, 1, 0, 0.23784532199733222, 0, -0.9713030437530736, 522.2145018539188, 6.543348708338492, -575.1778282878121)

[node name="ObstacleBicheGen15" parent="ObstacleGroup" unique_id=935064486 instance=ExtResource("1_r8dhe")]
transform = Transform3D(-0.9959334749715306, 0, 0.09009169457353795, 0, 1, 0, -0.09009169457353795, 0, -0.9959334749715306, 536.2573667155357, 7.533040820075455, -559.7366519599201)

[node name="ObstacleStumpGen13" parent="ObstacleGroup" unique_id=1655167679 instance=ExtResource("10_y8hke")]
transform = Transform3D(0.29789535098655506, 0, -0.954598533342995, 0, 1, 0, 0.954598533342995, 0, 0.29789535098655506, 560.6069911223765, 8.005074550491727, -568.6544840835568)

[node name="ObstacleCampeurGen15" parent="ObstacleGroup" unique_id=374078593 instance=ExtResource("8_j5pv8")]
transform = Transform3D(-0.9790826110125, 0, 0.20346311904850334, 0, 1, 0, -0.20346311904850334, 0, -0.9790826110125, 571.3252177436285, 6.59123360087232, -553.6653770420996)

[node name="ObstacleBicheGen16" parent="ObstacleGroup" unique_id=2047614909 instance=ExtResource("1_r8dhe")]
transform = Transform3D(-0.9771031443212583, 0, -0.2127661753134416, 0, 1, 0, 0.2127661753134416, 0, -0.9771031443212583, 573.1878532503837, 4.727212544342006, -531.9255248243551)

[node name="ObstacleBicheGen17" parent="ObstacleGroup" unique_id=1961549105 instance=ExtResource("1_r8dhe")]
transform = Transform3D(-0.9010815404244625, 0, 0.4336496944611833, 0, 1, 0, -0.4336496944611833, 0, -0.9010815404244625, 563.5797822761675, 3.3542173018149324, -513.9860223176915)

[node name="ObstacleStumpGen14" parent="ObstacleGroup" unique_id=802984500 instance=ExtResource("10_y8hke")]
transform = Transform3D(-0.06377070036106575, 0, 0.9979645774151802, 0, 1, 0, -0.9979645774151802, 0, -0.06377070036106575, 545.2326880484508, 2.1191527867870557, -503.08054922057624)

[node name="ObstacleRockGen9" parent="ObstacleGroup" unique_id=1989012491 instance=ExtResource("9_1b3a5")]
transform = Transform3D(-0.5225015009068893, 0, 0.8526383650470156, 0, 1, 0, -0.8526383650470156, 0, -0.5225015009068893, 514.8486333605881, 0.7028438284788874, -497.8676122231955)

[node name="ObstacleBicheGen18" parent="ObstacleGroup" unique_id=1886543801 instance=ExtResource("1_r8dhe")]
transform = Transform3D(0.012627758201059332, 0, -0.9999202666827068, 0, 1, 0, 0.9999202666827068, 0, 0.012627758201059332, 490.27697065743365, 0.08875264024056134, -493.2547627529226)

[node name="ObstacleBicheGen19" parent="ObstacleGroup" unique_id=211852976 instance=ExtResource("1_r8dhe")]
transform = Transform3D(-0.006130710022818541, 0, -0.99998120702072, 0, 1, 0, 0.99998120702072, 0, -0.006130710022818541, 462.7822159660088, 0.14093050689976908, -493.9202417328042)

[node name="ObstacleCampeurGen16" parent="ObstacleGroup" unique_id=1496173819 instance=ExtResource("8_j5pv8")]
transform = Transform3D(-0.587583653100377, 0, 0.8091634263912426, 0, 1, 0, -0.8091634263912426, 0, -0.587583653100377, 451.25700677370037, 0.9373297832373539, -510.9776838023231)

[node name="ObstacleRockGen10" parent="ObstacleGroup" unique_id=1719703478 instance=ExtResource("9_1b3a5")]
transform = Transform3D(-0.5788304416312531, 0, -0.8154479258916345, 0, 1, 0, 0.8154479258916345, 0, -0.5788304416312531, 433.96931704081646, 2.8912012955891098, -532.665800887954)

[node name="ObstacleRockGen11" parent="ObstacleGroup" unique_id=143765755 instance=ExtResource("9_1b3a5")]
transform = Transform3D(0.3128348385724366, 0, 0.9498075403866604, 0, 1, 0, -0.9498075403866604, 0, 0.3128348385724366, 414.74281728090756, 4.517511585100124, -539.1959598636068)

[node name="ObstacleBicheGen20" parent="ObstacleGroup" unique_id=2135292716 instance=ExtResource("1_r8dhe")]
transform = Transform3D(0.7526424838126559, 0, 0.6584294127393734, 0, 1, 0, -0.6584294127393734, 0, 0.7526424838126559, 399.76054485120653, 6.624066086569169, -555.8518962098688)

[node name="ObstacleRockGen12" parent="ObstacleGroup" unique_id=892196355 instance=ExtResource("9_1b3a5")]
transform = Transform3D(-0.03922024059496783, 0, 0.9992305903682457, 0, 1, 0, -0.9992305903682457, 0, -0.03922024059496783, 368.9342648472365, 9.48021087011247, -569.3153249100487)

[node name="ObstacleCampeurGen17" parent="ObstacleGroup" unique_id=1706158111 instance=ExtResource("8_j5pv8")]
transform = Transform3D(-0.7814213988609799, 0, -0.624003683804951, 0, 1, 0, 0.624003683804951, 0, -0.7814213988609799, 343.77820057612325, 10.936425903710406, -556.8283436594004)

[node name="ObstacleRockGen13" parent="ObstacleGroup" unique_id=767950995 instance=ExtResource("9_1b3a5")]
transform = Transform3D(0.5157007909552656, 0, 0.8567687518858945, 0, 1, 0, -0.8567687518858945, 0, 0.5157007909552656, 324.9467391847953, 11.505929855309736, -541.1613372594294)

[node name="ObstacleRockGen14" parent="ObstacleGroup" unique_id=263201187 instance=ExtResource("9_1b3a5")]
transform = Transform3D(-0.21805307107475425, 0, -0.9759369130199288, 0, 1, 0, 0.9759369130199288, 0, -0.21805307107475425, 296.27329467166186, 11.525832393352719, -533.8684107257593)

[node name="ObstacleBicheGen21" parent="ObstacleGroup" unique_id=621515080 instance=ExtResource("1_r8dhe")]
transform = Transform3D(0.4848979740115882, 0, -0.8745707260133152, 0, 1, 0, 0.8745707260133152, 0, 0.4848979740115882, 279.03751068857673, 10.954280345463546, -509.018535224769)

[node name="ObstacleBicheGen22" parent="ObstacleGroup" unique_id=1925990828 instance=ExtResource("1_r8dhe")]
transform = Transform3D(0.14078232572057936, 0, -0.9900405732921781, 0, 1, 0, 0.9900405732921781, 0, 0.14078232572057936, 263.97850930846107, 10.040797514634352, -484.67284516669093)

[node name="ObstacleRockGen15" parent="ObstacleGroup" unique_id=188195295 instance=ExtResource("9_1b3a5")]
transform = Transform3D(-0.9154118289389136, 0, -0.4025185504280681, 0, 1, 0, 0.4025185504280681, 0, -0.9154118289389136, 256.06194528494126, 9.263934236122969, -466.10367000808526)

[node name="ObstacleStumpGen15" parent="ObstacleGroup" unique_id=127170279 instance=ExtResource("10_y8hke")]
transform = Transform3D(-0.6002028702528642, 0, -0.7998478071109675, 0, 1, 0, 0.7998478071109675, 0, -0.6002028702528642, 245.5639599773877, 8.536386749123732, -453.37258350546807)

[node name="ObstacleStumpGen16" parent="ObstacleGroup" unique_id=877792886 instance=ExtResource("10_y8hke")]
transform = Transform3D(0.7880752917723044, 0, 0.6155788613151019, 0, 1, 0, -0.6155788613151019, 0, 0.7880752917723044, 230.5217924439867, 7.518672084913118, -438.32238963040953)

[node name="ObstacleBicheGen23" parent="ObstacleGroup" unique_id=1618933756 instance=ExtResource("1_r8dhe")]
transform = Transform3D(0.474620319677679, 0, -0.8801906339816721, 0, 1, 0, 0.8801906339816721, 0, 0.474620319677679, 214.82568873437387, 6.444660971436271, -424.8353835019445)

[node name="ObstacleCampeurGen18" parent="ObstacleGroup" unique_id=1220442601 instance=ExtResource("8_j5pv8")]
transform = Transform3D(0.447613853238809, 0, 0.8942269501579037, 0, 1, 0, -0.8942269501579037, 0, 0.447613853238809, 199.10643714135608, 5.329313958413315, -412.97148529307634)

[node name="ObstacleStumpGen17" parent="ObstacleGroup" unique_id=792143808 instance=ExtResource("10_y8hke")]
transform = Transform3D(-0.8358949051249565, 0, -0.548889522204733, 0, 1, 0, 0.548889522204733, 0, -0.8358949051249565, 186.01465277436287, 3.321937359812092, -381.9612818510145)

[node name="ObstacleRockGen16" parent="ObstacleGroup" unique_id=1993288559 instance=ExtResource("9_1b3a5")]
transform = Transform3D(0.8553765262207298, 0, 0.5180067551591939, 0, 1, 0, -0.5180067551591939, 0, 0.8553765262207298, 155.08586516285237, 1.1233388151827064, -377.2342378864333)

[node name="ObstacleCampeurGen19" parent="ObstacleGroup" unique_id=1323742795 instance=ExtResource("8_j5pv8")]
transform = Transform3D(0.0029925625108893155, 0, -0.9999955222747842, 0, 1, 0, 0.9999955222747842, 0, 0.0029925625108893155, 135.85245167077846, 0.17365336866360628, -384.6164644138215)

[node name="ObstacleBicheGen24" parent="ObstacleGroup" unique_id=161632768 instance=ExtResource("1_r8dhe")]
transform = Transform3D(-0.724606817246964, 0, 0.6891625065245678, 0, 1, 0, -0.6891625065245678, 0, -0.724606817246964, 129.63836317189669, 0.01934476558927007, -411.54908518981995)

[node name="ObstacleStumpGen18" parent="ObstacleGroup" unique_id=830872099 instance=ExtResource("10_y8hke")]
transform = Transform3D(0.2960356265327461, 0, -0.9551768987069172, 0, 1, 0, 0.9551768987069172, 0, 0.2960356265327461, 112.07683100187216, 0.90893651329911, -419.9301976729607)

[node name="ObstacleStumpGen19" parent="ObstacleGroup" unique_id=693282248 instance=ExtResource("10_y8hke")]
transform = Transform3D(-0.3019348176315229, 0, -0.9533285718480377, 0, 1, 0, 0.9533285718480377, 0, -0.3019348176315229, 106.40552099200536, 2.35057898920188, -389.25777871891506)

[node name="ObstacleRockGen17" parent="ObstacleGroup" unique_id=618308168 instance=ExtResource("9_1b3a5")]
transform = Transform3D(0.3619449065825487, 0, 0.9321994875556144, 0, 1, 0, -0.9321994875556144, 0, 0.3619449065825487, 115.29482646147663, 3.0408744799915626, -367.0087691017119)

[node name="ObstacleStumpGen20" parent="ObstacleGroup" unique_id=1583072271 instance=ExtResource("10_y8hke")]
transform = Transform3D(0.051277532769817606, 0, -0.998684441970055, 0, 1, 0, 0.998684441970055, 0, 0.051277532769817606, 128.99484843373614, 3.507222388118958, -350.2615907535615)

[node name="ObstacleStumpGen21" parent="ObstacleGroup" unique_id=1585601606 instance=ExtResource("10_y8hke")]
transform = Transform3D(0.1775192409972743, 0, 0.9841173299336576, 0, 1, 0, -0.9841173299336576, 0, 0.1775192409972743, 135.73378535341436, 3.860800625432946, -331.90576331873376)

[node name="ObstacleRockGen18" parent="ObstacleGroup" unique_id=1116319161 instance=ExtResource("9_1b3a5")]
transform = Transform3D(-0.8715562225243103, 0, -0.490295575116842, 0, 1, 0, 0.490295575116842, 0, -0.8715562225243103, 139.75699767984833, 4.148280818304779, -306.24607816959104)

[node name="ObstacleStumpGen22" parent="ObstacleGroup" unique_id=810368909 instance=ExtResource("10_y8hke")]
transform = Transform3D(-0.02553562834415847, 0, -0.9996739126760631, 0, 1, 0, 0.9996739126760631, 0, -0.02553562834415847, 147.35198690337825, 4.233985955272927, -286.7234654006891)

[node name="ObstacleStumpGen23" parent="ObstacleGroup" unique_id=639885284 instance=ExtResource("10_y8hke")]
transform = Transform3D(-0.13104380058712012, 0, 0.9913765794730492, 0, 1, 0, -0.9913765794730492, 0, -0.13104380058712012, 170.0122459943293, 4.104632018917504, -272.118100331495)

[node name="ObstacleRockGen19" parent="ObstacleGroup" unique_id=2141994005 instance=ExtResource("9_1b3a5")]
transform = Transform3D(-0.04471468247937958, 0, -0.9989997983837475, 0, 1, 0, 0.9989997983837475, 0, -0.04471468247937958, 189.26272182031718, 3.473544018280402, -246.59928593492214)

[node name="ObstacleBicheGen25" parent="ObstacleGroup" unique_id=564682477 instance=ExtResource("1_r8dhe")]
transform = Transform3D(0.39628365996067866, 0, 0.9181281287751559, 0, 1, 0, -0.9181281287751559, 0, 0.39628365996067866, 213.6903158037546, 2.580634943184052, -246.57114724115468)

[node name="ObstacleBicheGen26" parent="ObstacleGroup" unique_id=1366128235 instance=ExtResource("1_r8dhe")]
transform = Transform3D(-0.165733811417592, 0, 0.9861705246827235, 0, 1, 0, -0.9861705246827235, 0, -0.165733811417592, 232.18551449405697, 1.515216248481978, -249.41529910191005)

[node name="ObstacleBicheGen27" parent="ObstacleGroup" unique_id=707735078 instance=ExtResource("1_r8dhe")]
transform = Transform3D(-0.9880426932384372, 0, -0.15418053164435325, 0, 1, 0, 0.15418053164435325, 0, -0.9880426932384372, 263.77948096117433, -0.5146755415372529, -250.1882576330433)

[node name="ObstacleRockGen20" parent="ObstacleGroup" unique_id=1620458119 instance=ExtResource("9_1b3a5")]
transform = Transform3D(-0.32253552118532464, 0, 0.9465573609526847, 0, 1, 0, -0.9465573609526847, 0, -0.32253552118532464, 285.5081100987012, -1.5269251191766697, -261.22955183752754)

[node name="ObstacleRockGen21" parent="ObstacleGroup" unique_id=1288329330 instance=ExtResource("9_1b3a5")]
transform = Transform3D(0.9869856339258689, 0, -0.1608084525886335, 0, 1, 0, 0.1608084525886335, 0, 0.9869856339258689, 295.3631955099213, -1.9001752728399237, -277.5634893561037)

[node name="ObstacleStumpGen24" parent="ObstacleGroup" unique_id=1965006213 instance=ExtResource("10_y8hke")]
